0.000000000000000000e+00
9.871699999999999919e-02
2.320850000000000135e-01
3.230899999999999883e-01
3.953999999999999737e-01
4.581290000000000084e-01
5.152440000000000353e-01
5.657360000000000166e-01
6.125969999999999471e-01
6.561099999999999710e-01
6.969070000000000542e-01
7.345279999999999587e-01
7.713370000000000504e-01
8.062169999999999614e-01
8.400539999999999674e-01
8.732640000000000402e-01
9.033849999999999936e-01
9.330389999999999517e-01
9.611180000000000279e-01
9.893570000000000420e-01
1.017220000000000013e+00
1.043679999999999941e+00
1.070414999999999894e+00
1.096028999999999920e+00
1.119958999999999927e+00
1.143809000000000076e+00
1.167931999999999970e+00
1.191159000000000079e+00
1.213373000000000035e+00
1.235937999999999981e+00
1.258599000000000023e+00
1.278707999999999956e+00
1.300734999999999975e+00
1.319984000000000046e+00
1.340543000000000040e+00
1.360568999999999917e+00
1.379488999999999965e+00
1.397907999999999928e+00
1.418061999999999934e+00
1.436380999999999908e+00
1.455187000000000008e+00
1.473193999999999892e+00
1.489335000000000075e+00
1.506701000000000068e+00
1.524947999999999970e+00
1.541938000000000031e+00
1.558391000000000082e+00
1.575517000000000056e+00
1.593869999999999898e+00
1.611208999999999891e+00
1.627027000000000001e+00
1.643245000000000067e+00
1.658020999999999967e+00
1.673184000000000005e+00
1.689578000000000024e+00
1.705098000000000003e+00
1.720793000000000017e+00
1.735505999999999993e+00
1.749832000000000054e+00
1.764188000000000089e+00
1.778067999999999982e+00
1.793997000000000064e+00
1.809627000000000097e+00
1.825120999999999993e+00
1.839485000000000037e+00
1.854557000000000011e+00
1.868649000000000004e+00
1.883737999999999913e+00
1.899119000000000002e+00
1.911853000000000025e+00
1.925685000000000091e+00
1.939810000000000034e+00
1.953654000000000002e+00
1.967878000000000016e+00
1.982796999999999921e+00
1.996455000000000091e+00
2.009548999999999808e+00
2.023105999999999849e+00
2.036198999999999870e+00
2.049014999999999809e+00
2.061773000000000078e+00
2.076210999999999807e+00
2.088842999999999783e+00
2.100525000000000198e+00
2.112683000000000089e+00
2.126273999999999997e+00
2.138373000000000079e+00
2.150849000000000011e+00
2.164384000000000086e+00
2.176959000000000088e+00
2.187327999999999939e+00
2.200231000000000048e+00
2.211791999999999980e+00
2.222201000000000093e+00
2.234255000000000102e+00
2.246434999999999960e+00
2.257557999999999954e+00
2.267187999999999981e+00
2.279872999999999816e+00
2.290528999999999815e+00
2.302960999999999814e+00
2.314966000000000079e+00
2.326976000000000155e+00
2.336459000000000064e+00
2.348240000000000105e+00
2.360529999999999795e+00
2.371383999999999936e+00
2.382406000000000024e+00
2.393280999999999992e+00
2.405285000000000117e+00
2.417085999999999846e+00
2.428951000000000082e+00
2.439513999999999960e+00
2.450666000000000011e+00
2.461332000000000075e+00
2.471429999999999794e+00
2.482235999999999887e+00
2.493059999999999832e+00
2.503970999999999947e+00
2.513827000000000034e+00
2.525625999999999927e+00
2.537786999999999793e+00
2.546409999999999840e+00
2.556637999999999966e+00
2.567159999999999886e+00
2.576728000000000129e+00
2.588032999999999806e+00
2.597928000000000015e+00
2.607336000000000098e+00
2.617157999999999873e+00
2.627000999999999920e+00
2.634479999999999933e+00
2.645373999999999892e+00
2.655190000000000161e+00
2.664848999999999801e+00
2.674828000000000205e+00
2.684066000000000063e+00
2.694208999999999854e+00
2.701096999999999859e+00
2.710731000000000002e+00
2.720267999999999908e+00
2.730621000000000187e+00
2.739980000000000082e+00
2.748874999999999957e+00
2.758199999999999985e+00
2.767068999999999779e+00
2.775393999999999917e+00
2.783891000000000115e+00
2.793574000000000002e+00
2.802487000000000172e+00
2.810184000000000015e+00
2.820038999999999962e+00
2.828558999999999823e+00
2.836657999999999902e+00
2.844540999999999986e+00
2.853772999999999893e+00
2.862623000000000140e+00
2.868914000000000186e+00
2.876847999999999850e+00
2.885721000000000203e+00
2.895223000000000102e+00
2.904840000000000089e+00
2.913124999999999964e+00
2.921892999999999851e+00
2.928129999999999900e+00
2.936157000000000128e+00
2.943004999999999871e+00
2.950396000000000019e+00
2.958903999999999979e+00
2.966375999999999902e+00
2.973771000000000164e+00
2.981561999999999824e+00
2.988760000000000083e+00
2.998069999999999791e+00
3.006228000000000122e+00
3.014985999999999944e+00
3.023895000000000000e+00
3.031435000000000102e+00
3.037716000000000083e+00
3.047127999999999837e+00
3.053945000000000132e+00
3.061282999999999976e+00
3.068979000000000124e+00
3.076661000000000090e+00
3.085062999999999889e+00
3.090679999999999872e+00
3.098240999999999801e+00
3.105906000000000056e+00
3.112976000000000187e+00
3.118999000000000077e+00
3.127793000000000045e+00
3.135530000000000150e+00
3.142389999999999795e+00
3.149423000000000084e+00
3.155559999999999921e+00
3.163002000000000091e+00
3.169665000000000177e+00
3.176315999999999917e+00
3.183437000000000072e+00
3.190986000000000100e+00
3.198231999999999964e+00
3.205548999999999982e+00
3.211460000000000203e+00
3.219942000000000082e+00
3.226990999999999943e+00
3.234099000000000057e+00
3.241407999999999845e+00
3.248111000000000193e+00
3.254248000000000030e+00
3.261937999999999782e+00
3.269518999999999842e+00
3.276437000000000044e+00
3.281877999999999851e+00
3.288637000000000032e+00
3.294109000000000176e+00
3.301565000000000083e+00
3.307204000000000033e+00
3.312212999999999852e+00
3.319425999999999988e+00
3.326281999999999961e+00
3.333082999999999796e+00
3.340265000000000040e+00
3.345416999999999863e+00
3.351935000000000109e+00
3.359754999999999825e+00
3.366760999999999893e+00
3.372093000000000007e+00
3.379347000000000101e+00
3.384269999999999889e+00
3.389839999999999964e+00
3.396389999999999798e+00
3.402874999999999872e+00
3.407611000000000168e+00
3.413985999999999965e+00
3.420151000000000163e+00
3.426051999999999875e+00
3.432907999999999848e+00
3.437342999999999815e+00
3.446597999999999828e+00
3.453279999999999905e+00
3.459543000000000035e+00
3.465670999999999946e+00
3.471302999999999805e+00
3.476750000000000007e+00
3.483732999999999969e+00
3.489618000000000109e+00
3.495207999999999871e+00
3.502059000000000033e+00
3.508274000000000115e+00
3.514418000000000042e+00
3.521514999999999951e+00
3.527337000000000167e+00
3.533096000000000014e+00
3.539344999999999963e+00
3.545938000000000034e+00
3.552036999999999889e+00
3.558453000000000088e+00
3.564245999999999803e+00
3.568761999999999990e+00
3.575616999999999823e+00
3.580022000000000038e+00
3.586371000000000198e+00
3.589866999999999919e+00
3.595797000000000132e+00
3.601557999999999815e+00
3.606074000000000002e+00
3.613147000000000109e+00
3.617682999999999982e+00
3.624645000000000117e+00
3.629469999999999974e+00
3.634742000000000139e+00
3.639836999999999989e+00
3.646150000000000002e+00
3.651775000000000215e+00
3.657001999999999864e+00
3.661801999999999779e+00
3.668258999999999936e+00
3.673202999999999996e+00
3.678204000000000029e+00
3.683958000000000066e+00
3.688162999999999858e+00
3.693192999999999948e+00
3.699298000000000197e+00
3.706970999999999794e+00
3.712257000000000140e+00
3.716374000000000066e+00
3.720616999999999841e+00
3.725519999999999943e+00
3.731552000000000202e+00
3.735958000000000112e+00
3.740047999999999817e+00
3.745118000000000169e+00
3.750713999999999881e+00
3.754938000000000109e+00
3.758690000000000087e+00
3.763237000000000165e+00
3.769242999999999899e+00
3.774529999999999941e+00
3.779211000000000098e+00
3.783974999999999866e+00
3.788270999999999944e+00
3.792335000000000012e+00
3.798124000000000056e+00
3.803659999999999819e+00
3.808600999999999903e+00
3.811971000000000220e+00
3.817673999999999790e+00
3.821588999999999903e+00
3.827214999999999812e+00
3.834127000000000063e+00
3.838363000000000191e+00
3.841825000000000045e+00
3.848405000000000076e+00
3.853416000000000174e+00
3.859428999999999998e+00
3.864533999999999914e+00
3.867278000000000215e+00
3.872580999999999829e+00
3.880494000000000110e+00
3.887532000000000210e+00
3.892276999999999987e+00
3.896764999999999812e+00
3.902022000000000101e+00
3.905848000000000209e+00
3.909692000000000167e+00
3.915521000000000029e+00
3.920332999999999846e+00
3.924071000000000087e+00
3.928857999999999961e+00
3.934130999999999823e+00
3.939677999999999791e+00
3.942267000000000188e+00
3.946169999999999956e+00
3.950660000000000061e+00
3.956052999999999820e+00
3.959748999999999963e+00
3.963566000000000145e+00
3.968557000000000112e+00
3.973870999999999931e+00
3.978282999999999792e+00
3.982476999999999823e+00
3.987992999999999899e+00
3.992379000000000122e+00
3.997580999999999829e+00
4.000930000000000319e+00
4.006580999999999726e+00
4.012197999999999709e+00
4.015315000000000190e+00
4.020005000000000273e+00
4.025045000000000428e+00
4.029234999999999900e+00
4.033895000000000231e+00
4.036519000000000190e+00
4.040671999999999819e+00
4.043899999999999828e+00
4.048887999999999820e+00
4.052482999999999613e+00
4.057356000000000407e+00
4.062299999999999578e+00
4.065915000000000390e+00
4.070535999999999710e+00
4.074453000000000102e+00
4.079690000000000261e+00
4.083774000000000015e+00
4.089199999999999946e+00
4.093606000000000300e+00
4.099336000000000091e+00
4.102892999999999901e+00
4.106513999999999776e+00
4.110763000000000389e+00
4.114310999999999829e+00
4.117910000000000181e+00
4.123027000000000442e+00
4.126795999999999687e+00
4.132177000000000433e+00
4.135826999999999920e+00
4.141016999999999726e+00
4.146094999999999864e+00
4.150356999999999630e+00
4.154590999999999923e+00
4.158038000000000345e+00
4.159810000000000230e+00
4.162389000000000117e+00
4.166095999999999577e+00
4.170614999999999739e+00
4.173809999999999576e+00
4.178573000000000093e+00
4.181907999999999959e+00
4.184637999999999636e+00
4.186632000000000353e+00
4.189710999999999963e+00
4.195498999999999867e+00
4.198807999999999652e+00
4.203166000000000402e+00
4.206159999999999677e+00
4.208013000000000225e+00
4.212469999999999715e+00
4.215353999999999601e+00
4.219559000000000282e+00
4.223290999999999684e+00
4.228025999999999840e+00
4.231177999999999884e+00
4.234429999999999694e+00
4.237942999999999572e+00
4.241735000000000255e+00
4.245820000000000149e+00
4.250077000000000105e+00
4.252928999999999959e+00
4.255626000000000353e+00
4.259814999999999685e+00
4.262145000000000294e+00
4.266812999999999967e+00
4.270052999999999876e+00
4.273499000000000159e+00
4.277283999999999864e+00
4.281742999999999633e+00
4.285676999999999737e+00
4.287213999999999636e+00
4.290954000000000157e+00
4.294857000000000369e+00
4.297990000000000421e+00
4.300453000000000081e+00
4.304829999999999934e+00
4.308488999999999791e+00
4.311778000000000333e+00
4.316733000000000153e+00
4.319365999999999595e+00
4.320742000000000083e+00
4.323691000000000173e+00
4.327581000000000344e+00
4.329438999999999815e+00
4.333224000000000409e+00
4.337189000000000405e+00
4.340701000000000143e+00
4.345307000000000031e+00
4.349762000000000128e+00
4.352541999999999689e+00
4.355110999999999954e+00
4.360176000000000052e+00
4.362707000000000335e+00
4.368255000000000443e+00
4.370435999999999765e+00
4.374557000000000251e+00
4.377612000000000059e+00
4.382470999999999783e+00
4.384644999999999904e+00
4.386423999999999879e+00
4.388029999999999653e+00
4.391707000000000249e+00
4.395137000000000072e+00
4.396402000000000143e+00
4.400841999999999921e+00
4.405101000000000155e+00
4.410656000000000354e+00
4.412862999999999758e+00
4.417138999999999704e+00
4.420041000000000331e+00
4.421312999999999604e+00
4.424057999999999602e+00
4.426468999999999987e+00
4.429933000000000121e+00
4.433410000000000295e+00
4.434847000000000428e+00
4.436914999999999942e+00
4.440150000000000041e+00
4.443233000000000210e+00
4.447143999999999764e+00
4.449565999999999910e+00
4.453088000000000157e+00
4.456231999999999971e+00
4.459254999999999747e+00
4.462091000000000030e+00
4.466313999999999673e+00
4.471044000000000018e+00
4.471765000000000434e+00
4.474145000000000039e+00
4.477977000000000096e+00
4.482009999999999827e+00
4.485675999999999775e+00
4.488392000000000159e+00
4.493052999999999741e+00
4.495500999999999969e+00
4.499698999999999671e+00
4.503182999999999936e+00
4.508384999999999643e+00
4.511518999999999835e+00
4.513658000000000392e+00
4.516881999999999842e+00
4.518998999999999988e+00
4.522651999999999894e+00
4.526887999999999579e+00
4.529651000000000316e+00
4.531737999999999822e+00
4.534582999999999586e+00
4.537036999999999765e+00
4.540549000000000390e+00
4.544675999999999938e+00
4.547191999999999901e+00
4.551207999999999920e+00
4.552709000000000117e+00
4.556467999999999741e+00
4.561658000000000435e+00
4.564522000000000190e+00
4.567770000000000330e+00
4.570992000000000388e+00
4.574671999999999628e+00
4.577333999999999570e+00
4.580849999999999866e+00
4.584538000000000224e+00
4.586814000000000391e+00
4.589782999999999724e+00
4.593440000000000190e+00
4.598206000000000238e+00
4.598968000000000167e+00
4.601094999999999935e+00
4.605680999999999692e+00
4.608065999999999995e+00
4.611360000000000348e+00
4.614116000000000106e+00
4.616151000000000337e+00
4.619034000000000084e+00
4.621591999999999700e+00
4.624806000000000417e+00
4.629940999999999640e+00
4.632141999999999982e+00
4.635843000000000380e+00
4.639409999999999812e+00
4.643252000000000379e+00
4.647511999999999865e+00
4.649347999999999814e+00
4.651678000000000424e+00
4.653954999999999842e+00
4.656581000000000081e+00
4.659654999999999880e+00
4.663336000000000148e+00
4.666216999999999615e+00
4.667866000000000071e+00
4.671049000000000007e+00
4.673989999999999867e+00
4.678177999999999948e+00
4.679541000000000395e+00
4.683055000000000412e+00
4.685793000000000319e+00
4.688667999999999836e+00
4.692548000000000386e+00
4.694581000000000337e+00
4.696716999999999587e+00
4.700698000000000043e+00
4.703973999999999656e+00
4.706838000000000299e+00
4.709946999999999662e+00
4.713182999999999900e+00
4.716279000000000110e+00
4.718177999999999983e+00
4.722684000000000104e+00
4.722569000000000017e+00
4.723472000000000115e+00
4.725112000000000201e+00
4.727964000000000055e+00
4.730123999999999995e+00
4.734467999999999677e+00
4.738159999999999705e+00
4.741228000000000442e+00
4.744250000000000078e+00
4.746800999999999604e+00
4.749335000000000306e+00
4.752552999999999805e+00
4.755821000000000076e+00
4.757403000000000048e+00
4.761567000000000327e+00
4.763152999999999970e+00
4.765875000000000306e+00
4.769547000000000203e+00
4.771253999999999884e+00
4.774104000000000347e+00
4.777665999999999968e+00
4.780984000000000123e+00
4.783745999999999832e+00
4.786596000000000295e+00
4.788242000000000331e+00
4.789202000000000403e+00
4.790169999999999817e+00
4.793910000000000338e+00
4.794361999999999568e+00
4.798377000000000336e+00
4.799864000000000352e+00
4.803429999999999644e+00
4.806634999999999991e+00
4.806957999999999842e+00
4.808569000000000315e+00
4.811484000000000094e+00
4.812814999999999621e+00
4.815345999999999904e+00
4.818844000000000349e+00
4.822134000000000142e+00
4.823897999999999797e+00
4.826074000000000197e+00
4.827708999999999584e+00
4.829380999999999702e+00
4.831738999999999784e+00
