0.000000000000000000e+00
3.341199999999999726e-01
7.248850000000000016e-01
9.584650000000000114e-01
1.130697999999999981e+00
1.272464000000000039e+00
1.393640999999999908e+00
1.501435000000000075e+00
1.597671000000000063e+00
1.685314999999999896e+00
1.767290999999999945e+00
1.844171999999999922e+00
1.916031999999999957e+00
1.983560999999999908e+00
2.046764000000000028e+00
2.110135999999999790e+00
2.168902999999999803e+00
2.222252000000000116e+00
2.275635999999999992e+00
2.323614000000000068e+00
2.371452000000000115e+00
2.420215999999999923e+00
2.466778999999999833e+00
2.514172999999999991e+00
2.558533000000000168e+00
2.600995999999999864e+00
2.644311000000000078e+00
2.683450000000000113e+00
2.724164000000000030e+00
2.760526000000000035e+00
2.798509999999999831e+00
2.834741000000000177e+00
2.869702999999999893e+00
2.907033999999999896e+00
2.941288999999999820e+00
2.976205999999999907e+00
3.012246000000000201e+00
3.046583000000000041e+00
3.079064999999999941e+00
3.111743000000000148e+00
3.143639999999999990e+00
3.173089000000000048e+00
3.205372999999999806e+00
3.237036999999999942e+00
3.264215000000000089e+00
3.292457999999999885e+00
3.319834000000000174e+00
3.351576999999999806e+00
3.378950999999999816e+00
3.408386999999999833e+00
3.435092000000000034e+00
3.461549000000000209e+00
3.488586999999999883e+00
3.515889000000000042e+00
3.543668999999999958e+00
3.570011000000000045e+00
3.596280999999999839e+00
3.621744000000000074e+00
3.645629000000000008e+00
3.671457000000000193e+00
3.697745999999999977e+00
3.720489000000000157e+00
3.743120999999999921e+00
3.768708999999999865e+00
3.791170000000000151e+00
3.815986000000000100e+00
3.837537000000000198e+00
3.860265000000000057e+00
3.880942000000000114e+00
3.904605000000000103e+00
3.924704000000000192e+00
3.943747999999999809e+00
3.964103000000000154e+00
3.986905999999999839e+00
4.007945999999999565e+00
4.030228000000000144e+00
4.053081999999999852e+00
4.074144000000000432e+00
4.094918999999999976e+00
4.113414999999999822e+00
4.136770000000000280e+00
4.155361000000000082e+00
4.173578000000000010e+00
4.194077000000000055e+00
4.212975000000000136e+00
4.233470999999999762e+00
4.253194999999999837e+00
4.270463000000000342e+00
4.289731999999999879e+00
4.307972999999999608e+00
4.322181999999999746e+00
4.338905999999999707e+00
4.360764999999999780e+00
4.378796000000000355e+00
4.398329999999999629e+00
4.416934000000000360e+00
4.433856999999999715e+00
4.453947999999999574e+00
4.473168000000000255e+00
4.491365000000000052e+00
4.509052999999999756e+00
4.527713999999999572e+00
4.545435000000000336e+00
4.563064999999999927e+00
4.580737000000000059e+00
4.597650999999999932e+00
4.614402000000000115e+00
4.634999999999999787e+00
4.655210000000000292e+00
4.671606999999999843e+00
4.690057000000000365e+00
4.705726000000000298e+00
4.721363000000000198e+00
4.740448999999999913e+00
4.757196999999999676e+00
4.774214999999999876e+00
4.791104999999999947e+00
4.808587000000000167e+00
4.824840000000000018e+00
4.841084999999999638e+00
4.858412999999999649e+00
4.875446000000000168e+00
4.890532999999999575e+00
4.906420999999999921e+00
4.921864000000000239e+00
4.940311000000000341e+00
4.953115000000000379e+00
4.971131999999999884e+00
4.987708999999999726e+00
5.004557000000000144e+00
5.019250000000000433e+00
5.035636000000000223e+00
5.050234999999999808e+00
5.066192000000000029e+00
5.078791999999999973e+00
5.094803999999999888e+00
5.110326999999999842e+00
5.129547999999999774e+00
5.143881000000000370e+00
5.162228999999999957e+00
5.178778999999999577e+00
5.191722999999999644e+00
5.206446999999999825e+00
5.221604000000000134e+00
5.238858999999999710e+00
5.251583000000000112e+00
5.265511000000000053e+00
5.282014000000000209e+00
5.295823000000000391e+00
5.307851999999999570e+00
5.324881999999999671e+00
5.337704999999999700e+00
5.354303999999999952e+00
5.368466999999999878e+00
5.381961999999999691e+00
5.394594999999999807e+00
5.408744999999999692e+00
5.421598000000000361e+00
5.435989000000000182e+00
5.450296999999999947e+00
5.463413000000000075e+00
5.476852000000000054e+00
5.488766000000000034e+00
5.503002999999999645e+00
5.516822000000000337e+00
5.529332000000000136e+00
5.541128999999999749e+00
5.555932000000000315e+00
5.569929000000000130e+00
5.582474999999999632e+00
5.597221000000000224e+00
5.609624000000000166e+00
5.621437000000000239e+00
5.634095000000000297e+00
5.649837999999999916e+00
5.657964999999999911e+00
5.671096999999999611e+00
5.684079999999999799e+00
5.698513000000000162e+00
5.711472999999999800e+00
5.725195000000000256e+00
5.738557000000000130e+00
5.755169999999999675e+00
5.768823000000000256e+00
5.782494999999999941e+00
5.796600999999999893e+00
5.808271999999999657e+00
5.819339000000000262e+00
5.833173000000000386e+00
5.845495999999999803e+00
5.857766999999999946e+00
5.871521999999999686e+00
5.884121999999999630e+00
5.896231000000000222e+00
5.909169000000000338e+00
5.921009999999999884e+00
5.933076999999999934e+00
5.944087999999999816e+00
5.955410999999999788e+00
5.969534000000000340e+00
5.981425999999999910e+00
5.997035000000000338e+00
6.010445999999999955e+00
6.020654999999999646e+00
6.032421000000000255e+00
6.046204999999999607e+00
6.056758000000000308e+00
6.067458000000000240e+00
6.076782999999999824e+00
6.089586999999999861e+00
6.101796000000000220e+00
6.115745000000000431e+00
6.125212999999999575e+00
6.135608999999999646e+00
6.147045999999999566e+00
6.157492000000000409e+00
6.167822000000000138e+00
6.181369000000000113e+00
6.191811999999999649e+00
6.201144000000000212e+00
6.213235000000000063e+00
6.224383999999999695e+00
6.238960999999999757e+00
6.249081999999999582e+00
6.258969999999999700e+00
6.268095999999999890e+00
6.276385000000000325e+00
6.290357000000000198e+00
6.302226000000000106e+00
6.312682999999999822e+00
6.324898000000000131e+00
6.335189999999999877e+00
6.348505000000000287e+00
6.359208999999999889e+00
6.372006999999999977e+00
6.383249000000000173e+00
6.394978000000000051e+00
6.409169000000000338e+00
6.419801999999999786e+00
6.431796000000000291e+00
6.443514999999999660e+00
6.452191000000000010e+00
6.463044000000000011e+00
6.473868999999999652e+00
6.483291999999999611e+00
6.497855000000000381e+00
6.505505999999999567e+00
6.515607000000000149e+00
6.527909000000000184e+00
6.538834999999999731e+00
6.550022000000000233e+00
6.559910999999999603e+00
6.568789999999999907e+00
6.579095999999999833e+00
6.586502000000000301e+00
6.597242999999999746e+00
6.606231000000000186e+00
6.618104999999999905e+00
6.629895999999999567e+00
6.639098999999999862e+00
6.648410000000000153e+00
6.659189999999999721e+00
6.670136000000000287e+00
6.681319000000000230e+00
6.693671000000000149e+00
6.705593000000000359e+00
6.720569000000000237e+00
6.733121999999999829e+00
6.741641999999999690e+00
6.751712000000000380e+00
6.763135000000000119e+00
6.774099999999999788e+00
6.784901999999999767e+00
6.798455999999999833e+00
6.807921999999999585e+00
6.816066000000000180e+00
6.826492000000000004e+00
6.837411999999999601e+00
6.847630999999999801e+00
6.858999999999999986e+00
6.867980000000000196e+00
6.877803000000000111e+00
6.887743000000000393e+00
6.898088999999999693e+00
6.908250999999999920e+00
6.920016000000000389e+00
6.929282999999999859e+00
6.938252000000000308e+00
6.946963000000000221e+00
6.956966000000000427e+00
6.966644999999999754e+00
6.975283000000000122e+00
6.986460000000000115e+00
6.995917000000000385e+00
7.005519999999999747e+00
7.019379999999999953e+00
7.028310000000000279e+00
7.040985000000000049e+00
7.052197999999999745e+00
7.063264000000000209e+00
7.074270000000000280e+00
7.083275999999999684e+00
7.093678999999999846e+00
7.104574000000000389e+00
7.113984999999999559e+00
7.125585000000000058e+00
7.137343999999999689e+00
7.146423000000000414e+00
7.155370999999999704e+00
7.164264000000000188e+00
7.175443999999999711e+00
7.184408000000000349e+00
7.193681999999999910e+00
7.203128999999999671e+00
7.214190000000000325e+00
7.225985999999999798e+00
7.235229999999999606e+00
7.247126999999999875e+00
7.258289000000000435e+00
7.268132999999999733e+00
7.276951000000000391e+00
7.286038999999999710e+00
7.298225000000000406e+00
7.308095999999999925e+00
7.316728000000000343e+00
7.324631000000000114e+00
7.334961999999999982e+00
7.344387000000000221e+00
7.353496999999999950e+00
7.363184000000000395e+00
7.371756999999999671e+00
7.382329999999999615e+00
7.393187000000000175e+00
7.402874999999999872e+00
7.412614999999999732e+00
7.422496999999999900e+00
7.432520000000000238e+00
7.443820999999999799e+00
7.451204999999999856e+00
7.462234999999999729e+00
7.471340999999999788e+00
7.480747000000000035e+00
7.489837999999999774e+00
7.499996999999999581e+00
7.510456999999999717e+00
7.520259000000000249e+00
7.530308999999999919e+00
7.538305000000000256e+00
7.549184000000000339e+00
7.556934000000000040e+00
7.565450000000000230e+00
7.574213000000000306e+00
7.583940000000000126e+00
7.591470000000000162e+00
7.600965000000000416e+00
7.611360000000000348e+00
7.621729000000000198e+00
7.629798000000000080e+00
7.639526000000000039e+00
7.648139999999999716e+00
7.658686999999999578e+00
7.667546999999999890e+00
7.674802999999999820e+00
7.684223000000000248e+00
7.694996999999999865e+00
7.705917000000000350e+00
7.716160000000000352e+00
7.724795000000000300e+00
7.734971999999999959e+00
7.741905000000000037e+00
7.749200000000000088e+00
7.756615000000000038e+00
7.767770999999999759e+00
7.778722000000000136e+00
7.787681000000000076e+00
7.796249000000000429e+00
7.801814000000000249e+00
7.810920999999999559e+00
7.821523000000000003e+00
7.832542000000000115e+00
7.841704000000000008e+00
7.850348999999999577e+00
7.858532000000000295e+00
7.867440000000000211e+00
7.877591999999999928e+00
7.884421999999999819e+00
7.890579999999999927e+00
7.901088999999999807e+00
7.910116999999999621e+00
7.919608000000000203e+00
7.929176000000000002e+00
7.935006999999999699e+00
7.944988000000000383e+00
7.953816999999999915e+00
7.959421999999999997e+00
7.970919000000000310e+00
7.979441999999999702e+00
7.989326000000000150e+00
7.996463000000000321e+00
8.005838000000000676e+00
8.015012000000000469e+00
8.021860000000000213e+00
8.029666000000000636e+00
8.039279999999999760e+00
8.048515000000000086e+00
8.056665999999999883e+00
8.065492000000000772e+00
8.072331000000000145e+00
8.077197999999999212e+00
8.088404999999999845e+00
8.097789999999999822e+00
8.105048000000000030e+00
8.112835000000000463e+00
8.119865000000000776e+00
8.128538999999999959e+00
8.136779000000000650e+00
8.147835999999999856e+00
8.157676000000000371e+00
8.165129000000000303e+00
8.172940999999999789e+00
8.180061999999999500e+00
8.188629999999999853e+00
8.196056999999999704e+00
8.205878000000000227e+00
8.212315000000000254e+00
8.219703000000000870e+00
8.229321999999999804e+00
8.236383000000000010e+00
8.246798999999999324e+00
8.253334999999999866e+00
8.259952000000000183e+00
8.268140000000000711e+00
8.274547999999999348e+00
8.287686000000000774e+00
8.294147999999999854e+00
8.303960000000000008e+00
8.311666999999999916e+00
8.321792999999999552e+00
8.331440999999999875e+00
8.338929999999999509e+00
8.348300999999999306e+00
8.355612000000000705e+00
8.365014999999999645e+00
8.374181999999999348e+00
8.383245999999999754e+00
8.391422000000000381e+00
8.399435000000000429e+00
8.407284000000000646e+00
8.416722999999999288e+00
8.425881999999999650e+00
8.433082999999999885e+00
8.440134999999999721e+00
8.450768999999999309e+00
8.457110000000000127e+00
8.465092000000000283e+00
8.475097999999999132e+00
8.482879999999999754e+00
8.492426000000000030e+00
8.498616999999999422e+00
8.504203999999999652e+00
8.510685999999999751e+00
8.521611000000000047e+00
8.528024000000000271e+00
8.538814999999999600e+00
8.547059000000000850e+00
8.556378000000000483e+00
8.564386999999999972e+00
8.571263000000000076e+00
8.578673000000000215e+00
8.588708000000000453e+00
8.594815000000000538e+00
8.602048999999999168e+00
8.605382000000000531e+00
8.613091000000000719e+00
8.622377999999999432e+00
8.629958000000000240e+00
8.640415000000000845e+00
8.650059000000000609e+00
8.657467999999999719e+00
8.666527000000000314e+00
8.674417999999999296e+00
8.685145000000000337e+00
8.694509000000000043e+00
8.703621000000000052e+00
8.710454000000000363e+00
8.719867000000000701e+00
8.728789000000000797e+00
8.732592000000000354e+00
8.741749000000000436e+00
8.749446000000000723e+00
8.758158999999999139e+00
8.769095999999999336e+00
8.775328999999999269e+00
8.785280999999999452e+00
8.790181999999999718e+00
8.799604000000000426e+00
8.807216999999999629e+00
8.815951000000000093e+00
8.823738000000000525e+00
8.832079000000000235e+00
8.842133000000000465e+00
8.849221999999999255e+00
8.859417999999999793e+00
8.867466000000000292e+00
8.878049999999999997e+00
8.884508000000000294e+00
8.894536000000000442e+00
8.898980999999999142e+00
8.906385000000000218e+00
8.911493999999999360e+00
8.920007000000000019e+00
8.929968999999999824e+00
8.936503999999999337e+00
8.944005000000000649e+00
8.952958999999999889e+00
8.960559999999999192e+00
8.967662999999999940e+00
8.975637000000000754e+00
8.984564999999999912e+00
8.992266000000000759e+00
9.001889000000000252e+00
9.008539999999999992e+00
9.015769000000000588e+00
9.024124999999999730e+00
9.033416000000000778e+00
9.041638000000000730e+00
9.049136999999999986e+00
9.054216999999999516e+00
9.059751999999999583e+00
9.067083999999999477e+00
9.074080999999999619e+00
9.082542999999999367e+00
9.089465999999999823e+00
9.095342999999999734e+00
9.105335999999999430e+00
9.110620000000000829e+00
9.118607000000000795e+00
9.126144000000000034e+00
9.135358000000000089e+00
9.140551999999999566e+00
9.148896999999999835e+00
9.156796999999999187e+00
9.164839999999999876e+00
9.170619000000000298e+00
9.178255000000000052e+00
9.184504999999999697e+00
9.190246000000000137e+00
9.197976999999999848e+00
9.207024000000000541e+00
9.215814999999999202e+00
9.221306000000000225e+00
9.230629000000000417e+00
9.235226000000000823e+00
9.242521999999999238e+00
9.251110000000000610e+00
9.257654000000000494e+00
9.265181999999999363e+00
9.270808999999999855e+00
9.277302000000000604e+00
9.282536999999999594e+00
9.288301999999999836e+00
9.295591999999999189e+00
9.301482999999999279e+00
9.309110999999999692e+00
9.316826999999999970e+00
9.325879999999999725e+00
9.333940000000000126e+00
9.342897999999999925e+00
9.348641000000000645e+00
9.357205999999999690e+00
9.363367000000000218e+00
9.369011000000000422e+00
9.376678999999999320e+00
9.383295000000000385e+00
9.386948000000000292e+00
9.393859000000000847e+00
9.402910999999999575e+00
9.412145999999999901e+00
9.420327999999999591e+00
9.424972999999999601e+00
9.430818000000000367e+00
9.438295000000000101e+00
9.445868000000000819e+00
9.455515000000000114e+00
9.466936999999999713e+00
9.471565000000000012e+00
9.482134000000000285e+00
9.489753999999999579e+00
9.495927000000000007e+00
9.505143999999999593e+00
9.511824000000000723e+00
9.517599000000000586e+00
9.524634999999999962e+00
9.530817000000000760e+00
9.539082999999999757e+00
9.545121999999999218e+00
9.552208000000000254e+00
9.557022999999999158e+00
9.564641999999999200e+00
9.572190000000000865e+00
