0.000000000000000000e+00
2.334249999999999936e-01
5.575390000000000068e-01
7.863649999999999807e-01
9.717599999999999572e-01
1.131124000000000018e+00
1.271945000000000103e+00
1.400727999999999973e+00
1.519411000000000067e+00
1.629825000000000079e+00
1.734396000000000049e+00
1.831892000000000076e+00
1.923658000000000090e+00
2.014224000000000014e+00
2.100009000000000015e+00
2.182087999999999806e+00
2.262199999999999989e+00
2.339399999999999924e+00
2.412965999999999944e+00
2.484809999999999963e+00
2.555489999999999817e+00
2.624614999999999920e+00
2.693163000000000196e+00
2.758748999999999896e+00
2.822435000000000027e+00
2.884831999999999841e+00
2.945797999999999917e+00
3.007042999999999910e+00
3.064553999999999778e+00
3.122117999999999949e+00
3.177661000000000069e+00
3.233321000000000112e+00
3.288565999999999878e+00
3.342315000000000147e+00
3.395782000000000078e+00
3.447795999999999861e+00
3.499282000000000004e+00
3.549253999999999909e+00
3.598799000000000081e+00
3.648085000000000022e+00
3.695324999999999971e+00
3.743130999999999986e+00
3.791240000000000165e+00
3.837914000000000048e+00
3.885507000000000044e+00
3.931446000000000218e+00
3.976815000000000211e+00
4.022028999999999854e+00
4.065697000000000116e+00
4.110235000000000305e+00
4.154290999999999734e+00
4.196892000000000067e+00
4.239837999999999774e+00
4.282067999999999763e+00
4.323521000000000392e+00
4.365853999999999679e+00
4.406914000000000442e+00
4.447937999999999725e+00
4.487847000000000364e+00
4.527279000000000053e+00
4.567185000000000272e+00
4.605489999999999640e+00
4.644193999999999711e+00
4.683137000000000327e+00
4.720773000000000330e+00
4.759393000000000207e+00
4.796294999999999753e+00
4.833635000000000126e+00
4.871597999999999651e+00
4.909327000000000218e+00
4.946074000000000304e+00
4.981133999999999951e+00
5.017470999999999570e+00
5.052105000000000068e+00
5.086691000000000074e+00
5.122296000000000404e+00
5.157219000000000442e+00
5.191760999999999626e+00
5.225996000000000308e+00
5.260098000000000162e+00
5.293737000000000137e+00
5.328783999999999743e+00
5.363011000000000195e+00
5.396112999999999715e+00
5.428144999999999776e+00
5.461073999999999984e+00
5.494645000000000223e+00
5.526728000000000307e+00
5.560615000000000308e+00
5.593187000000000353e+00
5.624290000000000234e+00
5.655149999999999899e+00
5.686949000000000254e+00
5.719863000000000142e+00
5.750353999999999743e+00
5.780787000000000120e+00
5.812416999999999945e+00
5.842671000000000170e+00
5.873401999999999568e+00
5.901966999999999963e+00
5.932978000000000307e+00
5.962754000000000332e+00
5.992899999999999672e+00
6.023373000000000310e+00
6.052158000000000371e+00
6.081019000000000396e+00
6.110881000000000007e+00
6.140484999999999971e+00
6.169533999999999629e+00
6.198113000000000206e+00
6.227503999999999706e+00
6.256317000000000128e+00
6.285468999999999973e+00
6.314473999999999698e+00
6.343345000000000233e+00
6.372232999999999592e+00
6.401391000000000275e+00
6.428505000000000358e+00
6.456208000000000169e+00
6.484270999999999674e+00
6.512189000000000227e+00
6.540985000000000049e+00
6.568857999999999642e+00
6.596775000000000055e+00
6.623355000000000103e+00
6.649365999999999666e+00
6.675985999999999976e+00
6.702717999999999954e+00
6.729283999999999821e+00
6.756151000000000018e+00
6.783028999999999975e+00
6.810967999999999911e+00
6.837149000000000143e+00
6.864719000000000015e+00
6.890887000000000207e+00
6.916731999999999658e+00
6.942491999999999663e+00
6.968922000000000061e+00
6.994755999999999752e+00
7.021119999999999806e+00
7.047092000000000134e+00
7.073082000000000313e+00
7.098676000000000208e+00
7.122999000000000080e+00
7.148158999999999708e+00
7.174014999999999809e+00
7.199074000000000417e+00
7.223374999999999879e+00
7.248948000000000391e+00
7.272693000000000296e+00
7.297147999999999968e+00
7.321094000000000435e+00
7.344896000000000313e+00
7.369248999999999938e+00
7.393365000000000187e+00
7.418355000000000032e+00
7.442550999999999917e+00
7.467601000000000155e+00
7.491432999999999787e+00
7.515843000000000274e+00
7.539577000000000417e+00
7.563285999999999731e+00
7.586942999999999770e+00
7.610125000000000028e+00
7.634187999999999974e+00
7.657085999999999615e+00
7.680297999999999625e+00
7.703299000000000341e+00
7.726926999999999879e+00
7.750612000000000279e+00
7.773689000000000071e+00
7.797240999999999644e+00
7.820648000000000266e+00
7.843370000000000175e+00
7.865473999999999855e+00
7.888423000000000407e+00
7.911578000000000443e+00
7.934722999999999971e+00
7.957830999999999655e+00
7.980785000000000018e+00
8.002850000000000463e+00
8.026237000000000066e+00
8.049455000000000027e+00
8.072005000000000763e+00
8.094407999999999603e+00
8.116720000000000823e+00
8.138424000000000547e+00
8.160467999999999833e+00
8.182275000000000631e+00
8.203796999999999784e+00
8.225823000000000107e+00
8.248397999999999897e+00
8.270580000000000709e+00
8.292958000000000496e+00
8.314647000000000787e+00
8.335273000000000820e+00
8.357385999999999981e+00
8.378949000000000424e+00
8.400741000000000014e+00
8.422663999999999263e+00
8.443765000000000853e+00
8.465375999999999124e+00
8.486810000000000187e+00
8.508143999999999707e+00
8.529567999999999373e+00
8.551113000000000852e+00
8.573003999999999181e+00
8.593512999999999735e+00
8.613422999999999163e+00
8.634456999999999383e+00
8.656012999999999735e+00
8.676726999999999634e+00
8.696821999999999164e+00
8.718519999999999825e+00
8.738922999999999774e+00
8.758509999999999351e+00
8.778760999999999370e+00
8.799217000000000510e+00
8.820216999999999530e+00
8.839627000000000123e+00
8.859457000000000804e+00
8.879709999999999326e+00
8.899748000000000658e+00
8.919707000000000718e+00
8.939576000000000633e+00
8.958885999999999683e+00
8.978654999999999831e+00
8.998105999999999938e+00
9.018031999999999826e+00
9.037352000000000274e+00
9.057624000000000564e+00
9.076703000000000188e+00
9.096477000000000146e+00
9.115802999999999656e+00
9.136245999999999867e+00
9.155015999999999821e+00
9.174417000000000044e+00
9.194990000000000663e+00
9.214902999999999622e+00
9.234837999999999880e+00
9.254255999999999815e+00
9.274096999999999369e+00
9.292927999999999855e+00
9.312036000000000868e+00
9.330759000000000469e+00
9.349961999999999662e+00
9.369541999999999149e+00
9.387980000000000658e+00
9.406634999999999636e+00
9.426814999999999500e+00
9.445173999999999737e+00
9.464916999999999803e+00
9.483586000000000737e+00
9.502425000000000566e+00
9.521449000000000495e+00
9.540411999999999892e+00
9.558887000000000356e+00
9.577714999999999534e+00
9.596628000000000824e+00
9.614798999999999651e+00
9.633103000000000193e+00
9.651631000000000071e+00
9.669275000000000730e+00
9.688815999999999207e+00
9.706727000000000771e+00
9.725206999999999269e+00
9.744721000000000188e+00
9.763199000000000183e+00
9.781506000000000256e+00
9.800131999999999621e+00
9.818803000000000836e+00
9.836474000000000828e+00
9.855866999999999933e+00
9.875004999999999811e+00
9.892991000000000312e+00
9.910674000000000206e+00
9.928241999999999123e+00
9.945938999999999197e+00
9.964287999999999812e+00
9.983288999999999191e+00
1.000154099999999957e+01
1.001855199999999968e+01
1.003673900000000074e+01
1.005574200000000040e+01
1.007298899999999975e+01
1.009072399999999980e+01
1.010789199999999965e+01
1.012558600000000020e+01
1.014461200000000041e+01
1.016209800000000030e+01
1.017969899999999939e+01
1.019744099999999953e+01
1.021581699999999948e+01
1.023360399999999970e+01
1.025096800000000030e+01
1.026774600000000071e+01
1.028667599999999993e+01
1.030425400000000025e+01
1.032144899999999943e+01
1.034006100000000039e+01
1.035708799999999918e+01
1.037441800000000036e+01
1.039100099999999927e+01
1.040737099999999948e+01
1.042413900000000027e+01
1.044153999999999982e+01
1.045844100000000054e+01
1.047487800000000036e+01
1.049238500000000052e+01
1.050984300000000005e+01
1.052715099999999993e+01
1.054447799999999980e+01
1.056135500000000071e+01
1.057809100000000058e+01
1.059548999999999985e+01
1.061198300000000039e+01
1.062812800000000024e+01
1.064501199999999947e+01
1.066324700000000014e+01
1.067947400000000080e+01
1.069597699999999918e+01
1.071188099999999999e+01
1.072835300000000025e+01
1.074508100000000077e+01
1.076142699999999941e+01
1.077764400000000045e+01
1.079540500000000058e+01
1.081235399999999913e+01
1.082837199999999989e+01
1.084434700000000085e+01
1.086057199999999945e+01
1.087790399999999913e+01
1.089430399999999999e+01
1.091005700000000012e+01
1.092665900000000079e+01
1.094244999999999912e+01
1.096059600000000067e+01
1.097635400000000061e+01
1.099195399999999978e+01
1.100831200000000010e+01
1.102378099999999961e+01
1.103948800000000041e+01
1.105693400000000004e+01
1.107241600000000048e+01
1.108852000000000082e+01
1.110540300000000080e+01
1.112136399999999981e+01
1.113804999999999978e+01
1.115447499999999970e+01
1.116994000000000042e+01
1.118652999999999942e+01
1.120267800000000058e+01
1.121871900000000011e+01
1.123544799999999988e+01
1.125075600000000087e+01
1.126628499999999988e+01
1.128131899999999987e+01
1.129678099999999930e+01
1.131384300000000032e+01
1.133008099999999985e+01
1.134539499999999990e+01
1.136031099999999938e+01
1.137637800000000077e+01
1.139338500000000032e+01
1.140922400000000003e+01
1.142359599999999986e+01
1.143938400000000044e+01
1.145356699999999961e+01
1.146971699999999927e+01
1.148522099999999924e+01
1.150087899999999941e+01
1.151447899999999969e+01
1.153065800000000074e+01
1.154744700000000002e+01
1.156312199999999990e+01
1.157846499999999956e+01
1.159390400000000021e+01
1.160782000000000025e+01
1.162362599999999979e+01
1.163895300000000077e+01
1.165468000000000082e+01
1.166995700000000014e+01
1.168523199999999918e+01
1.170079499999999939e+01
1.171572899999999962e+01
1.173070099999999982e+01
1.174556300000000064e+01
1.176037600000000083e+01
1.177497800000000083e+01
1.179140800000000056e+01
1.180602299999999971e+01
1.182175699999999985e+01
1.183680799999999955e+01
1.185237200000000080e+01
1.186759799999999920e+01
1.188237900000000025e+01
1.189818299999999951e+01
1.191364100000000015e+01
1.192892600000000058e+01
1.194439999999999991e+01
1.195859100000000019e+01
1.197354699999999994e+01
1.198765200000000064e+01
1.200225499999999990e+01
1.201782700000000048e+01
1.203155800000000042e+01
1.204799599999999948e+01
1.206359600000000043e+01
1.207850900000000038e+01
1.209407099999999957e+01
1.210939199999999971e+01
1.212538100000000085e+01
1.214075700000000069e+01
1.215493400000000079e+01
1.217048100000000055e+01
1.218551000000000073e+01
1.220053000000000054e+01
1.221612000000000009e+01
1.222986099999999965e+01
1.224383300000000041e+01
1.225923900000000089e+01
1.227442899999999959e+01
1.228895499999999963e+01
1.230393800000000049e+01
1.231911999999999985e+01
1.233322700000000083e+01
1.234666799999999931e+01
1.236207500000000081e+01
1.237594900000000031e+01
1.239065399999999961e+01
1.240539500000000039e+01
1.242002100000000020e+01
1.243439300000000003e+01
1.244898200000000088e+01
1.246368099999999934e+01
1.247742200000000068e+01
1.249183400000000077e+01
1.250598800000000033e+01
1.251935600000000015e+01
1.253352100000000036e+01
1.254833900000000035e+01
1.256305500000000031e+01
1.257754199999999933e+01
1.259150200000000019e+01
1.260652999999999935e+01
1.262122399999999978e+01
1.263353999999999999e+01
1.264728700000000039e+01
1.266126900000000077e+01
1.267641700000000071e+01
1.269064999999999976e+01
1.270574099999999973e+01
1.272010200000000069e+01
1.273437999999999981e+01
1.274829399999999957e+01
1.276305600000000062e+01
1.277741100000000074e+01
1.279031499999999966e+01
1.280402100000000054e+01
1.281753600000000048e+01
1.283217999999999925e+01
1.284560899999999961e+01
1.285896900000000009e+01
1.287283900000000081e+01
1.288667099999999976e+01
1.289955199999999991e+01
1.291385299999999958e+01
1.292733199999999982e+01
1.294120700000000035e+01
1.295602399999999932e+01
1.296962500000000063e+01
1.298281700000000072e+01
1.299600799999999978e+01
1.300986699999999985e+01
1.302414500000000075e+01
1.303858800000000073e+01
1.305218299999999942e+01
1.306579600000000063e+01
1.307975800000000000e+01
1.309425700000000070e+01
1.310822499999999913e+01
1.312053200000000075e+01
1.313361100000000015e+01
1.314672599999999925e+01
1.316100400000000015e+01
1.317406199999999927e+01
1.318726799999999955e+01
1.320048500000000047e+01
1.321334700000000062e+01
1.322602799999999945e+01
1.323926499999999962e+01
1.325253000000000014e+01
1.326585900000000073e+01
1.327818100000000001e+01
1.329013499999999937e+01
1.330420600000000064e+01
1.331740100000000027e+01
1.333087699999999920e+01
1.334313200000000066e+01
1.335632099999999944e+01
1.336967800000000040e+01
1.338304800000000050e+01
1.339630299999999963e+01
1.340900899999999929e+01
1.342104800000000075e+01
1.343479800000000068e+01
1.344767900000000083e+01
1.346080399999999955e+01
1.347496800000000050e+01
1.348836299999999966e+01
1.350138500000000086e+01
1.351507699999999979e+01
1.352829999999999977e+01
1.354208900000000071e+01
1.355521000000000065e+01
1.356860200000000027e+01
1.358179200000000009e+01
1.359502099999999913e+01
1.360724699999999920e+01
1.362080100000000016e+01
1.363385800000000003e+01
1.364750100000000010e+01
1.366074200000000083e+01
1.367380900000000032e+01
1.368578899999999976e+01
1.369857900000000051e+01
1.371178300000000050e+01
1.372517500000000013e+01
1.373687499999999950e+01
1.375003099999999989e+01
1.376177299999999981e+01
1.377346999999999966e+01
1.378581999999999930e+01
1.379882300000000050e+01
1.381181699999999957e+01
1.382445200000000085e+01
1.383832100000000054e+01
1.385108600000000045e+01
1.386459400000000031e+01
1.387626599999999932e+01
1.388841999999999999e+01
1.390107000000000070e+01
1.391364199999999940e+01
1.392624299999999948e+01
1.393966700000000003e+01
1.395149900000000009e+01
1.396315799999999996e+01
1.397596399999999939e+01
1.398902299999999954e+01
1.400124899999999961e+01
1.401287100000000052e+01
1.402448200000000078e+01
1.403726799999999919e+01
1.405034500000000008e+01
1.406241600000000069e+01
1.407554200000000044e+01
1.408749599999999980e+01
1.410036500000000004e+01
1.411141300000000065e+01
1.412332499999999946e+01
1.413651300000000077e+01
1.414729299999999945e+01
1.416045199999999937e+01
1.417203400000000002e+01
1.418302899999999944e+01
1.419508199999999931e+01
1.420672399999999946e+01
1.421845099999999995e+01
1.423040600000000033e+01
1.424212699999999998e+01
1.425290099999999960e+01
1.426380600000000065e+01
1.427669099999999958e+01
1.428807399999999994e+01
1.430060399999999987e+01
1.431227999999999945e+01
1.432400100000000087e+01
1.433553900000000070e+01
1.434761699999999962e+01
1.435996699999999926e+01
1.437263699999999922e+01
1.438389300000000048e+01
1.439491499999999924e+01
1.440763699999999936e+01
1.441952500000000015e+01
1.443152800000000013e+01
1.444252900000000039e+01
1.445448200000000050e+01
1.446686900000000087e+01
1.447778199999999948e+01
1.448944000000000010e+01
1.450204699999999924e+01
1.451399999999999935e+01
1.452611600000000003e+01
1.453904900000000033e+01
1.454945500000000003e+01
1.456032300000000035e+01
1.457176499999999919e+01
1.458375599999999928e+01
1.459498600000000046e+01
