0.000000000000000000e+00
1.170530000000000043e-01
2.176569999999999894e-01
2.934419999999999806e-01
3.580380000000000229e-01
4.141989999999999839e-01
4.650270000000000237e-01
5.109179999999999833e-01
5.536590000000000122e-01
5.948419999999999819e-01
6.334279999999999911e-01
6.706720000000000459e-01
7.061049999999999827e-01
7.395599999999999952e-01
7.727929999999999522e-01
8.044059999999999544e-01
8.371709999999999985e-01
8.678000000000000158e-01
8.983940000000000259e-01
9.279539999999999456e-01
9.557649999999999757e-01
9.832940000000000014e-01
1.010601000000000083e+00
1.038159999999999972e+00
1.063876000000000044e+00
1.089012000000000091e+00
1.115296000000000065e+00
1.140962999999999949e+00
1.166125000000000078e+00
1.189975999999999923e+00
1.214134999999999964e+00
1.237541000000000002e+00
1.261592000000000047e+00
1.285307999999999895e+00
1.308024999999999993e+00
1.332011999999999974e+00
1.354454999999999965e+00
1.375939999999999941e+00
1.397915999999999936e+00
1.419940999999999898e+00
1.441793000000000102e+00
1.462766000000000011e+00
1.484521999999999897e+00
1.505549999999999944e+00
1.526340000000000030e+00
1.547973000000000043e+00
1.567395000000000094e+00
1.587801000000000018e+00
1.608552999999999900e+00
1.628527999999999976e+00
1.648913999999999991e+00
1.669348999999999972e+00
1.689869000000000065e+00
1.710293999999999981e+00
1.729071000000000025e+00
1.748280999999999974e+00
1.767398999999999942e+00
1.785692999999999975e+00
1.805365000000000109e+00
1.825186999999999893e+00
1.844233000000000011e+00
1.862789999999999946e+00
1.881550000000000056e+00
1.900417999999999941e+00
1.919003000000000014e+00
1.937607999999999997e+00
1.956353999999999926e+00
1.974485999999999963e+00
1.991846000000000005e+00
2.009803999999999924e+00
2.027725000000000222e+00
2.045904999999999863e+00
2.063400999999999819e+00
2.081335999999999853e+00
2.098742999999999803e+00
2.117528000000000077e+00
2.135400999999999883e+00
2.153127000000000013e+00
2.171394999999999964e+00
2.189449999999999896e+00
2.207307000000000130e+00
2.225179999999999936e+00
2.243009999999999948e+00
2.260270999999999919e+00
2.277258999999999922e+00
2.294154999999999944e+00
2.311793999999999905e+00
2.329006999999999827e+00
2.345448000000000199e+00
2.361288000000000054e+00
2.377787999999999791e+00
2.394560999999999940e+00
2.410458999999999907e+00
2.426117000000000079e+00
2.442082999999999782e+00
2.457171000000000216e+00
2.473678000000000043e+00
2.489714999999999900e+00
2.505749999999999922e+00
2.520379000000000147e+00
2.535038000000000125e+00
2.550858999999999988e+00
2.566003999999999952e+00
2.580896000000000079e+00
2.596397000000000066e+00
2.611492999999999842e+00
2.626768000000000214e+00
2.641621000000000219e+00
2.655472000000000055e+00
2.669385000000000119e+00
2.684130999999999823e+00
2.699110000000000120e+00
2.713135999999999992e+00
2.727774000000000143e+00
2.741328999999999905e+00
2.755650999999999851e+00
2.769203000000000081e+00
2.783328000000000024e+00
2.797241999999999784e+00
2.809879000000000016e+00
2.823650999999999911e+00
2.835907000000000178e+00
2.849836999999999954e+00
2.861629000000000200e+00
2.874341999999999953e+00
2.886153999999999886e+00
2.899608999999999881e+00
2.911429000000000045e+00
2.922829999999999817e+00
2.935528000000000137e+00
2.948291000000000217e+00
2.962758000000000003e+00
2.974686000000000163e+00
2.987190000000000012e+00
2.999333000000000027e+00
3.012169000000000096e+00
3.022905000000000175e+00
3.034587000000000145e+00
3.046679000000000137e+00
3.058990999999999794e+00
3.071180000000000021e+00
3.083677999999999919e+00
3.096195999999999948e+00
3.107676000000000105e+00
3.119142000000000081e+00
3.128947999999999841e+00
3.139778000000000180e+00
3.148525999999999936e+00
3.159253000000000089e+00
3.169097999999999971e+00
3.179034999999999833e+00
3.190996999999999861e+00
3.200924000000000103e+00
3.211486999999999981e+00
3.221874000000000127e+00
3.231219999999999981e+00
3.242070000000000007e+00
3.252225000000000144e+00
3.262106000000000172e+00
3.272291000000000061e+00
3.282465999999999884e+00
3.291166000000000036e+00
3.300330000000000208e+00
3.308437000000000072e+00
3.318780999999999981e+00
3.328311999999999937e+00
3.337235000000000174e+00
3.345593000000000039e+00
3.354756000000000071e+00
3.363072999999999979e+00
3.370708000000000037e+00
3.378896000000000122e+00
3.389987000000000084e+00
3.398350000000000204e+00
3.407271999999999856e+00
3.416525000000000034e+00
3.424399999999999888e+00
3.432528000000000024e+00
3.440754000000000090e+00
3.447940000000000005e+00
3.457380999999999815e+00
3.466683999999999877e+00
3.474298999999999804e+00
3.483166000000000206e+00
3.491289000000000087e+00
3.498918999999999890e+00
3.506831000000000031e+00
3.514791000000000221e+00
3.522412000000000099e+00
3.529806999999999917e+00
3.536610000000000031e+00
3.544278999999999957e+00
3.551788999999999863e+00
3.559069000000000038e+00
3.566335000000000033e+00
3.574610999999999983e+00
3.582435999999999954e+00
3.590901999999999816e+00
3.598215000000000163e+00
3.604741000000000195e+00
3.610602999999999785e+00
3.617865999999999804e+00
3.624448999999999810e+00
3.631942000000000004e+00
3.638659000000000088e+00
3.645210000000000061e+00
3.652839000000000169e+00
3.658808000000000060e+00
3.666104999999999947e+00
3.672611999999999988e+00
3.679416999999999938e+00
3.685423000000000116e+00
3.693382000000000165e+00
3.699726000000000070e+00
3.705750000000000099e+00
3.710965999999999987e+00
3.715640000000000054e+00
3.722377999999999965e+00
3.726589000000000151e+00
3.732289000000000190e+00
3.737916999999999934e+00
3.744438000000000155e+00
3.750757000000000119e+00
3.756019999999999914e+00
3.760543000000000191e+00
3.765880999999999812e+00
3.771895999999999916e+00
3.778125000000000178e+00
3.783437000000000161e+00
3.789794000000000107e+00
3.795859999999999790e+00
3.801909000000000205e+00
3.806668999999999858e+00
3.812517999999999851e+00
3.818639000000000117e+00
3.822220999999999869e+00
3.826496999999999815e+00
3.833029999999999937e+00
3.837785999999999920e+00
3.841457999999999817e+00
3.846639000000000141e+00
3.851401000000000074e+00
3.856386000000000092e+00
3.862175000000000136e+00
3.866155000000000008e+00
3.870276000000000050e+00
3.874995000000000189e+00
3.880009999999999959e+00
3.884670999999999985e+00
3.889021000000000061e+00
3.893657999999999841e+00
3.897530999999999857e+00
3.900300999999999796e+00
3.902807000000000137e+00
3.907668999999999837e+00
3.913511000000000184e+00
3.917673999999999879e+00
3.922736000000000001e+00
3.926594000000000140e+00
3.930124999999999869e+00
3.934085000000000054e+00
3.938921999999999812e+00
3.942362999999999840e+00
3.946168999999999816e+00
3.951712999999999809e+00
3.957637000000000072e+00
3.961650000000000116e+00
3.965981000000000201e+00
3.970884999999999998e+00
3.974250000000000060e+00
3.978985000000000216e+00
3.981637999999999789e+00
3.986858999999999931e+00
3.990653000000000006e+00
3.993354000000000070e+00
3.996516000000000179e+00
3.999452999999999925e+00
4.004769999999999719e+00
4.007509999999999906e+00
4.008450999999999986e+00
4.012068000000000190e+00
4.016153000000000084e+00
4.020230999999999888e+00
4.024399999999999977e+00
4.026718999999999937e+00
4.030089000000000254e+00
4.033164000000000193e+00
4.036719999999999864e+00
4.039978999999999765e+00
4.043790000000000440e+00
4.048255000000000159e+00
4.050925000000000331e+00
4.054698000000000135e+00
4.058107999999999826e+00
4.062257999999999925e+00
4.067093999999999987e+00
4.069695000000000285e+00
4.073332999999999871e+00
4.076417000000000179e+00
4.081647000000000247e+00
4.086408999999999736e+00
4.091484999999999594e+00
4.094941999999999638e+00
4.099521000000000193e+00
4.102430000000000021e+00
4.105654999999999610e+00
4.110959000000000252e+00
4.114232000000000333e+00
4.120193000000000438e+00
4.124516999999999989e+00
4.127940999999999860e+00
4.131368000000000151e+00
4.135055999999999621e+00
4.138700000000000045e+00
4.142191999999999652e+00
4.146316999999999808e+00
4.150552000000000241e+00
4.153713999999999906e+00
4.156596999999999653e+00
4.161927999999999628e+00
4.165435000000000443e+00
4.168047999999999753e+00
4.170378999999999614e+00
4.173953000000000024e+00
4.175734000000000279e+00
4.178810000000000358e+00
4.181381000000000014e+00
4.181564999999999976e+00
4.183648999999999951e+00
4.186037999999999926e+00
4.190692999999999557e+00
4.193113999999999564e+00
4.194302000000000419e+00
4.197009999999999685e+00
4.201262999999999970e+00
4.205449999999999910e+00
4.208822999999999759e+00
4.211992999999999654e+00
4.214588000000000001e+00
4.217545999999999573e+00
4.223613000000000284e+00
4.226105999999999696e+00
4.229612999999999623e+00
4.232848999999999862e+00
4.235024000000000122e+00
4.237697999999999965e+00
4.241266999999999676e+00
4.244455000000000311e+00
4.247613999999999557e+00
4.251437000000000133e+00
4.252303000000000388e+00
4.256261000000000294e+00
4.258221999999999952e+00
4.260807999999999929e+00
4.263094999999999857e+00
4.265706999999999915e+00
4.268474999999999575e+00
4.270687999999999818e+00
4.274682999999999566e+00
4.278016000000000041e+00
4.279784000000000255e+00
4.283045999999999687e+00
4.287404000000000437e+00
4.289048000000000194e+00
4.290521000000000029e+00
4.292913999999999675e+00
4.297615000000000407e+00
4.298121000000000080e+00
4.299858999999999654e+00
4.303905000000000314e+00
4.305553999999999881e+00
4.308893000000000306e+00
4.311149999999999594e+00
4.313864999999999839e+00
4.315635000000000332e+00
4.319332000000000171e+00
4.322324000000000055e+00
4.322790000000000354e+00
4.326264000000000109e+00
4.329221000000000430e+00
4.332596999999999809e+00
4.335143999999999664e+00
4.334350999999999843e+00
4.336126000000000147e+00
4.338138999999999967e+00
4.340967000000000020e+00
4.344656999999999769e+00
4.349845000000000184e+00
4.352036000000000016e+00
4.354930000000000412e+00
4.358014999999999972e+00
4.361259999999999692e+00
4.363006000000000384e+00
4.367581000000000380e+00
4.371521000000000434e+00
4.373857000000000106e+00
4.375941000000000081e+00
4.379088999999999565e+00
4.380984999999999907e+00
4.383812999999999960e+00
4.386485000000000412e+00
4.388166000000000011e+00
4.390397000000000105e+00
4.393589999999999662e+00
4.395114999999999661e+00
4.397401999999999589e+00
4.397338999999999665e+00
4.398052999999999990e+00
4.399688000000000265e+00
4.401864999999999917e+00
4.404996999999999829e+00
4.406226000000000198e+00
4.410077000000000247e+00
4.411224999999999952e+00
4.414486000000000132e+00
4.417162000000000255e+00
4.417263000000000162e+00
4.419363999999999848e+00
4.420442999999999678e+00
4.421839000000000297e+00
4.423512999999999806e+00
4.424441999999999986e+00
4.424037000000000219e+00
4.426368000000000080e+00
4.428758000000000195e+00
4.429323000000000121e+00
4.428963000000000427e+00
4.433650000000000091e+00
4.434035999999999866e+00
4.435207000000000122e+00
4.436225000000000307e+00
4.436391000000000417e+00
4.439434000000000324e+00
4.441665000000000418e+00
4.442578000000000138e+00
4.445491999999999777e+00
4.447511999999999688e+00
4.446991999999999834e+00
4.451516999999999946e+00
4.451392000000000237e+00
4.453335000000000043e+00
4.454054000000000180e+00
4.457628999999999841e+00
4.455824999999999925e+00
4.459251000000000076e+00
4.461146000000000278e+00
4.462045999999999957e+00
4.467248999999999803e+00
4.472336999999999563e+00
4.473206000000000238e+00
4.474039999999999573e+00
4.473348999999999798e+00
4.476337000000000010e+00
4.477727999999999930e+00
4.479503000000000235e+00
4.480960999999999750e+00
4.480834999999999901e+00
4.483805000000000263e+00
4.486805000000000376e+00
4.491310000000000358e+00
4.496157000000000181e+00
4.498401999999999568e+00
4.500181999999999682e+00
4.499342999999999648e+00
4.502226000000000283e+00
4.504859999999999864e+00
4.506884000000000334e+00
4.507124000000000130e+00
4.506295999999999857e+00
4.506829999999999892e+00
4.508943999999999619e+00
4.507836000000000176e+00
4.509833999999999676e+00
4.510779000000000316e+00
4.512738999999999834e+00
4.516689999999999650e+00
4.519708999999999754e+00
4.520216999999999707e+00
4.523310999999999638e+00
4.525395999999999752e+00
4.527493999999999907e+00
4.531108999999999831e+00
4.533409999999999940e+00
4.535568999999999740e+00
4.538578000000000223e+00
4.537086999999999648e+00
4.538198000000000398e+00
4.537226000000000425e+00
4.540309999999999846e+00
4.541209000000000273e+00
4.544334000000000096e+00
4.543858000000000175e+00
4.546203000000000216e+00
4.547372000000000192e+00
4.549826000000000370e+00
4.551455999999999946e+00
4.553911000000000264e+00
4.555522999999999989e+00
4.557743000000000322e+00
4.561226999999999698e+00
4.561166000000000054e+00
4.561468999999999774e+00
4.561675000000000146e+00
4.561380999999999908e+00
4.564511999999999681e+00
4.563514999999999766e+00
4.563975000000000115e+00
4.567554999999999588e+00
4.568139000000000394e+00
4.570241000000000220e+00
4.570592000000000432e+00
4.570140999999999565e+00
4.574519999999999698e+00
4.573597999999999608e+00
4.577975000000000350e+00
4.580777000000000321e+00
4.583757000000000303e+00
4.582358000000000153e+00
4.585812999999999917e+00
4.590441000000000216e+00
4.591925999999999952e+00
4.591661000000000215e+00
4.593984999999999985e+00
4.594592999999999705e+00
4.597463000000000299e+00
4.597885999999999918e+00
4.600734000000000101e+00
4.602198999999999707e+00
4.604556999999999789e+00
4.604345000000000354e+00
4.605000999999999678e+00
4.608894000000000268e+00
4.608521999999999785e+00
4.609764000000000195e+00
4.611422000000000132e+00
4.616068000000000282e+00
4.618089999999999584e+00
4.615437000000000012e+00
4.615120000000000111e+00
4.617202999999999946e+00
4.618960000000000399e+00
4.622580000000000133e+00
4.625823999999999714e+00
4.624508999999999759e+00
4.624165999999999777e+00
4.621317000000000341e+00
4.620815000000000339e+00
4.619523000000000046e+00
4.618155999999999928e+00
4.617353999999999736e+00
4.617220999999999798e+00
4.622042000000000428e+00
4.622740000000000293e+00
4.623655000000000292e+00
4.623257999999999868e+00
4.627896999999999927e+00
4.628746999999999723e+00
4.630461999999999634e+00
4.636337000000000153e+00
4.636197000000000124e+00
4.638601000000000418e+00
4.642078999999999844e+00
4.644339999999999691e+00
4.644432000000000116e+00
4.644294000000000366e+00
4.638503000000000043e+00
4.639555999999999791e+00
4.637462000000000195e+00
4.640162000000000120e+00
4.641233999999999860e+00
4.645569000000000059e+00
4.643608999999999654e+00
4.645107000000000319e+00
4.643095999999999890e+00
4.648189999999999600e+00
4.650883999999999574e+00
4.650629999999999598e+00
4.650326999999999877e+00
4.649709999999999788e+00
4.651620000000000310e+00
4.656409000000000020e+00
4.660871000000000208e+00
4.663758999999999766e+00
4.662977999999999845e+00
4.663391999999999982e+00
4.660103999999999580e+00
4.658403999999999989e+00
4.659283000000000285e+00
4.660809999999999675e+00
4.661774999999999558e+00
4.660932999999999993e+00
4.668320999999999721e+00
4.673947000000000074e+00
4.675737999999999950e+00
4.678595999999999755e+00
4.680349999999999788e+00
4.682394999999999641e+00
4.689032000000000089e+00
4.690935999999999773e+00
4.692670999999999815e+00
