0.000000000000000000e+00
1.038359999999999977e-01
2.282279999999999864e-01
3.188869999999999760e-01
3.925390000000000268e-01
4.567749999999999866e-01
5.138049999999999562e-01
5.665229999999999988e-01
6.143300000000000427e-01
6.591059999999999697e-01
7.011739999999999640e-01
7.417610000000000037e-01
7.791099999999999692e-01
8.155470000000000219e-01
8.511520000000000197e-01
8.846420000000000394e-01
9.181150000000000144e-01
9.480239999999999778e-01
9.786850000000000271e-01
1.008960999999999997e+00
1.038019000000000025e+00
1.066284000000000010e+00
1.092454999999999954e+00
1.116819000000000006e+00
1.142260000000000053e+00
1.167677000000000076e+00
1.193389000000000033e+00
1.217097000000000095e+00
1.242439999999999989e+00
1.264658999999999978e+00
1.288683000000000023e+00
1.311325999999999992e+00
1.334692999999999907e+00
1.357477999999999962e+00
1.378770999999999969e+00
1.400690999999999908e+00
1.421098999999999890e+00
1.441399000000000097e+00
1.461100999999999983e+00
1.482404000000000055e+00
1.501956999999999987e+00
1.520794999999999897e+00
1.539603999999999973e+00
1.558824999999999905e+00
1.577792000000000083e+00
1.595069000000000070e+00
1.614160999999999957e+00
1.632764000000000104e+00
1.650030000000000108e+00
1.667836000000000096e+00
1.684412000000000020e+00
1.702992999999999979e+00
1.720223000000000058e+00
1.738409000000000093e+00
1.755568999999999935e+00
1.771924999999999972e+00
1.787668000000000035e+00
1.803269999999999929e+00
1.819698999999999955e+00
1.836108000000000073e+00
1.852746999999999922e+00
1.870039000000000007e+00
1.886262000000000105e+00
1.902357999999999993e+00
1.918171999999999988e+00
1.933621999999999952e+00
1.949891000000000041e+00
1.964808000000000110e+00
1.979823000000000111e+00
1.994615999999999945e+00
2.009227999999999792e+00
2.022870000000000168e+00
2.037046000000000134e+00
2.051620000000000221e+00
2.067181000000000157e+00
2.081780999999999882e+00
2.096776999999999891e+00
2.110993000000000119e+00
2.125011999999999901e+00
2.138722000000000012e+00
2.153036000000000172e+00
2.166285999999999934e+00
2.178948999999999803e+00
2.192928000000000210e+00
2.207408000000000037e+00
2.219425999999999899e+00
2.231920999999999822e+00
2.245274000000000214e+00
2.257423999999999875e+00
2.270248000000000044e+00
2.283379000000000048e+00
2.295500000000000096e+00
2.308425000000000171e+00
2.321966000000000196e+00
2.333555000000000046e+00
2.345013999999999932e+00
2.356935000000000002e+00
2.370629999999999793e+00
2.383557999999999844e+00
2.396301999999999932e+00
2.408420000000000005e+00
2.420688999999999869e+00
2.430952000000000002e+00
2.443655999999999828e+00
2.455008999999999997e+00
2.465914999999999857e+00
2.478705999999999854e+00
2.490364000000000022e+00
2.502867999999999871e+00
2.513564000000000132e+00
2.526264999999999983e+00
2.536970000000000169e+00
2.548944999999999794e+00
2.560185999999999851e+00
2.570742000000000083e+00
2.581036999999999804e+00
2.591981000000000090e+00
2.604016000000000108e+00
2.614562999999999970e+00
2.625646000000000146e+00
2.636496999999999868e+00
2.647479999999999833e+00
2.658936000000000188e+00
2.669005999999999990e+00
2.679847999999999786e+00
2.691464999999999996e+00
2.702122000000000135e+00
2.713204000000000171e+00
2.724012999999999796e+00
2.733851000000000031e+00
2.744378999999999902e+00
2.754518000000000022e+00
2.765346000000000082e+00
2.775592000000000059e+00
2.786599999999999966e+00
2.796927000000000163e+00
2.805323000000000011e+00
2.816249000000000002e+00
2.826862000000000208e+00
2.836631000000000125e+00
2.846652000000000182e+00
2.856615000000000126e+00
2.865266999999999786e+00
2.874877999999999822e+00
2.885187999999999864e+00
2.895681000000000171e+00
2.904107999999999912e+00
2.913308999999999926e+00
2.922486999999999835e+00
2.932469000000000214e+00
2.942585999999999924e+00
2.952945999999999849e+00
2.963182999999999900e+00
2.973469000000000140e+00
2.983394000000000101e+00
2.992338000000000164e+00
3.001780000000000115e+00
3.011664999999999814e+00
3.020938999999999819e+00
3.029069999999999929e+00
3.037608999999999781e+00
3.045850000000000168e+00
3.054467999999999961e+00
3.063576999999999995e+00
3.072331000000000145e+00
3.080585000000000129e+00
3.090367000000000086e+00
3.099572000000000216e+00
3.107197000000000209e+00
3.115718999999999905e+00
3.124395999999999951e+00
3.132312999999999903e+00
3.141737000000000002e+00
3.150517999999999930e+00
3.159407999999999994e+00
3.167971000000000092e+00
3.176152000000000086e+00
3.185243999999999964e+00
3.194970000000000088e+00
3.202970000000000095e+00
3.210383999999999904e+00
3.217652999999999874e+00
3.225408999999999970e+00
3.233093000000000217e+00
3.241009000000000029e+00
3.246674000000000060e+00
3.254824999999999857e+00
3.264292999999999889e+00
3.270563000000000109e+00
3.279330999999999996e+00
3.287453999999999876e+00
3.295244999999999980e+00
3.304151000000000060e+00
3.311760000000000037e+00
3.319498999999999977e+00
3.327297999999999867e+00
3.334738000000000202e+00
3.342712000000000128e+00
3.349877000000000216e+00
3.357445999999999930e+00
3.365205000000000002e+00
3.371725000000000083e+00
3.378531000000000173e+00
3.386439000000000199e+00
3.392768999999999924e+00
3.399910000000000210e+00
3.407506000000000146e+00
3.414663000000000004e+00
3.421664999999999957e+00
3.429736999999999814e+00
3.437314999999999898e+00
3.444205000000000183e+00
3.450477999999999934e+00
3.456617000000000051e+00
3.463305000000000078e+00
3.470073000000000185e+00
3.478438999999999837e+00
3.485402000000000111e+00
3.492364999999999942e+00
3.498425000000000118e+00
3.505155999999999938e+00
3.512090999999999852e+00
3.518412000000000095e+00
3.523696000000000161e+00
3.530002999999999780e+00
3.536739999999999995e+00
3.543425000000000047e+00
3.548601999999999812e+00
3.554469000000000101e+00
3.559833999999999943e+00
3.566892999999999869e+00
3.573462999999999834e+00
3.579146999999999856e+00
3.584872999999999976e+00
3.590006999999999948e+00
3.596614999999999895e+00
3.604308000000000067e+00
3.611162999999999901e+00
3.616540999999999784e+00
3.623655999999999988e+00
3.630234000000000183e+00
3.636905000000000054e+00
3.642949000000000215e+00
3.648544999999999927e+00
3.655523000000000078e+00
3.661618999999999957e+00
3.667838999999999849e+00
3.674910999999999817e+00
3.680271999999999988e+00
3.685611999999999888e+00
3.690526000000000195e+00
3.698179999999999801e+00
3.703961000000000059e+00
3.709042999999999868e+00
3.714958999999999900e+00
3.720499999999999918e+00
3.727478000000000069e+00
3.734624999999999861e+00
3.740686000000000178e+00
3.745937000000000072e+00
3.751179000000000041e+00
3.757417999999999925e+00
3.762345999999999968e+00
3.767723999999999851e+00
3.774179000000000173e+00
3.780987000000000098e+00
3.787595000000000045e+00
3.792860000000000120e+00
3.798738000000000170e+00
3.804696999999999996e+00
3.811424999999999841e+00
3.817679000000000045e+00
3.824660000000000171e+00
3.831262999999999863e+00
3.838550999999999824e+00
3.844130999999999965e+00
3.850099999999999856e+00
3.856571999999999889e+00
3.861247999999999791e+00
3.864806000000000186e+00
3.870176999999999978e+00
3.876148000000000149e+00
3.881429999999999936e+00
3.887528999999999790e+00
3.892186999999999841e+00
3.897813999999999890e+00
3.903681999999999874e+00
3.909578999999999915e+00
3.914083000000000201e+00
3.919427999999999912e+00
3.924370999999999832e+00
3.928669999999999884e+00
3.932908999999999988e+00
3.937829999999999941e+00
3.941892999999999869e+00
3.948104999999999976e+00
3.953066000000000191e+00
3.955951000000000217e+00
3.960274000000000072e+00
3.965237999999999818e+00
3.969657999999999909e+00
3.973397999999999985e+00
3.977590000000000181e+00
3.982403999999999833e+00
3.986571000000000087e+00
3.991605999999999987e+00
3.996700000000000141e+00
4.001069000000000209e+00
4.006254000000000204e+00
4.011218999999999646e+00
4.016847000000000278e+00
4.021530000000000271e+00
4.025985999999999621e+00
4.031672999999999618e+00
4.036247000000000362e+00
4.040326000000000306e+00
4.044217999999999869e+00
4.048961000000000254e+00
4.052586999999999939e+00
4.058343999999999951e+00
4.062434999999999796e+00
4.067820000000000213e+00
4.071483999999999881e+00
4.075639999999999930e+00
4.079464999999999897e+00
4.084535999999999945e+00
4.087779000000000273e+00
4.091931999999999903e+00
4.094244999999999912e+00
4.098249000000000031e+00
4.102630999999999695e+00
4.107802999999999649e+00
4.113044000000000366e+00
4.117906999999999762e+00
4.122094999999999843e+00
4.125280000000000058e+00
4.129480000000000040e+00
4.132762999999999742e+00
4.137057999999999680e+00
4.141645999999999717e+00
4.146401000000000003e+00
4.150970000000000049e+00
4.153908000000000378e+00
4.159123000000000125e+00
4.163973999999999620e+00
4.168492999999999782e+00
4.173961000000000254e+00
4.178916000000000075e+00
4.183911000000000158e+00
4.189096000000000153e+00
4.193793000000000326e+00
4.198108999999999646e+00
4.203431000000000139e+00
4.208444000000000074e+00
4.211864000000000274e+00
4.214306999999999803e+00
4.219210999999999601e+00
4.224080999999999975e+00
4.229162999999999784e+00
4.233483999999999803e+00
4.237286000000000108e+00
4.241560999999999915e+00
4.247241999999999962e+00
4.249780999999999587e+00
4.254902000000000406e+00
4.259413999999999589e+00
4.262893000000000043e+00
4.266744000000000092e+00
4.270673000000000386e+00
4.275781000000000276e+00
4.279894999999999783e+00
4.282272999999999996e+00
4.287131999999999721e+00
4.292142000000000124e+00
4.296725999999999601e+00
4.300932000000000421e+00
4.304835999999999885e+00
4.308733000000000146e+00
4.312185999999999630e+00
4.315474000000000032e+00
4.316798000000000357e+00
4.320878999999999692e+00
4.324042000000000385e+00
4.328517999999999866e+00
4.332569000000000337e+00
4.336860999999999855e+00
4.340175000000000338e+00
4.345182000000000322e+00
4.349882000000000026e+00
4.353972999999999871e+00
4.357412000000000063e+00
4.360759999999999970e+00
4.364422000000000246e+00
4.366626000000000118e+00
4.372186000000000128e+00
4.376595000000000013e+00
4.380194999999999617e+00
4.384077999999999697e+00
4.386912999999999840e+00
4.392832000000000292e+00
4.397835999999999856e+00
4.402622000000000035e+00
4.406845999999999819e+00
4.410617000000000232e+00
4.415140000000000065e+00
4.418383999999999645e+00
4.421475000000000044e+00
4.424902999999999587e+00
4.428276999999999575e+00
4.432401999999999731e+00
4.436423999999999701e+00
4.439650000000000318e+00
4.442892999999999759e+00
4.447166000000000174e+00
4.450002999999999709e+00
4.455070000000000086e+00
4.458612999999999715e+00
4.462521999999999878e+00
4.466679000000000066e+00
4.470175000000000232e+00
4.474706000000000294e+00
4.478531000000000262e+00
4.481124000000000329e+00
4.484225999999999601e+00
4.487603000000000009e+00
4.490905999999999842e+00
4.494246000000000407e+00
4.497403000000000262e+00
4.500746000000000357e+00
4.506350000000000300e+00
4.509634000000000142e+00
4.513639999999999652e+00
4.517281999999999798e+00
4.522110999999999770e+00
4.525258000000000003e+00
4.528952000000000311e+00
4.532519999999999882e+00
4.534791000000000238e+00
4.539123000000000019e+00
4.541752999999999929e+00
4.544224999999999959e+00
4.547278999999999627e+00
4.551860999999999713e+00
4.555297999999999625e+00
4.559058000000000277e+00
4.563852999999999938e+00
4.567243999999999637e+00
4.569198000000000093e+00
4.572066999999999659e+00
4.576108999999999760e+00
4.579361999999999711e+00
4.583395000000000330e+00
4.586651999999999951e+00
4.591086999999999918e+00
4.594122999999999735e+00
4.598149000000000264e+00
4.601742999999999917e+00
4.603105000000000224e+00
4.606652999999999665e+00
4.607870000000000132e+00
4.610864000000000296e+00
4.614728000000000385e+00
4.619730999999999810e+00
4.623527000000000164e+00
4.626984000000000208e+00
4.630270000000000330e+00
4.634643999999999764e+00
4.637701999999999991e+00
4.641630000000000145e+00
4.646224000000000132e+00
4.650107000000000212e+00
4.654010000000000424e+00
4.657930000000000348e+00
4.661887000000000114e+00
4.664799000000000362e+00
4.667737999999999943e+00
4.671916999999999653e+00
4.674984000000000250e+00
4.678230000000000111e+00
4.682739999999999903e+00
4.686219999999999608e+00
4.688638000000000083e+00
4.691326000000000107e+00
4.693070999999999771e+00
4.697127000000000052e+00
4.700944999999999929e+00
4.705159000000000091e+00
4.708255000000000301e+00
4.712409000000000070e+00
4.717182000000000208e+00
4.720075999999999716e+00
4.724555999999999756e+00
4.728247999999999784e+00
4.732535999999999632e+00
4.734501999999999988e+00
4.736593000000000053e+00
4.739519999999999733e+00
4.742714999999999570e+00
4.745072000000000401e+00
4.749297000000000324e+00
4.750300000000000189e+00
4.752169000000000310e+00
4.754948999999999870e+00
4.759529999999999816e+00
4.763546999999999976e+00
4.766689999999999650e+00
4.769802000000000319e+00
4.772637999999999714e+00
4.774873999999999619e+00
4.779728999999999672e+00
4.781143000000000143e+00
4.785098999999999769e+00
4.787806999999999924e+00
4.788288999999999795e+00
4.790798999999999808e+00
4.792798999999999587e+00
4.796686000000000227e+00
4.799088000000000243e+00
4.801300999999999597e+00
4.803100999999999843e+00
4.805328000000000266e+00
4.806850999999999985e+00
4.809116999999999642e+00
4.811639000000000443e+00
4.814485000000000348e+00
4.816188999999999609e+00
4.819099999999999717e+00
4.820413000000000281e+00
4.823150000000000048e+00
4.825914000000000037e+00
4.829269000000000034e+00
4.832582000000000377e+00
4.835450999999999944e+00
4.839491999999999905e+00
4.842805000000000248e+00
4.847223999999999755e+00
4.850065999999999988e+00
4.854333999999999705e+00
4.857006000000000157e+00
4.860172000000000381e+00
4.862607999999999819e+00
4.866242999999999874e+00
4.869475000000000442e+00
4.872065000000000090e+00
4.875314000000000370e+00
4.879489000000000409e+00
4.881401000000000323e+00
4.883554000000000173e+00
4.885812999999999739e+00
4.887595000000000134e+00
4.890837000000000323e+00
4.893680999999999948e+00
4.896816000000000280e+00
4.900812000000000168e+00
4.903723000000000276e+00
4.905743000000000187e+00
4.908438000000000301e+00
4.911526000000000280e+00
4.912130999999999581e+00
4.916579999999999728e+00
4.919990999999999559e+00
4.922704999999999664e+00
4.925788999999999973e+00
4.927413999999999739e+00
4.930493000000000237e+00
4.934670999999999808e+00
4.937952000000000119e+00
4.941397000000000261e+00
4.943919000000000175e+00
4.947419000000000011e+00
4.949341000000000435e+00
4.951812000000000324e+00
4.954405999999999644e+00
4.958561999999999692e+00
4.961344000000000420e+00
4.963033000000000250e+00
4.966330000000000133e+00
4.968841000000000285e+00
4.973713000000000051e+00
4.975774000000000363e+00
4.978975000000000151e+00
4.980527000000000371e+00
4.981575000000000308e+00
4.984104999999999563e+00
4.984901999999999944e+00
4.988286000000000442e+00
4.990540000000000198e+00
4.993678000000000061e+00
4.997696999999999612e+00
5.001640000000000086e+00
5.004158999999999580e+00
5.007282000000000011e+00
5.010055000000000369e+00
5.012368999999999630e+00
5.015060000000000073e+00
5.017386000000000124e+00
5.020836000000000077e+00
5.024746999999999630e+00
5.027336000000000027e+00
5.030922000000000338e+00
