0.000000000000000000e+00
1.173140000000000016e-01
2.187520000000000020e-01
2.941380000000000106e-01
3.575570000000000137e-01
4.135639999999999872e-01
4.643650000000000277e-01
5.112060000000000493e-01
5.541690000000000227e-01
5.948360000000000314e-01
6.326669999999999794e-01
6.696189999999999642e-01
7.060629999999999962e-01
7.398130000000000539e-01
7.723410000000000553e-01
8.044620000000000104e-01
8.351830000000000087e-01
8.660740000000000105e-01
8.961759999999999726e-01
9.260990000000000055e-01
9.553190000000000293e-01
9.833349999999999591e-01
1.009902000000000077e+00
1.036853999999999942e+00
1.063804999999999890e+00
1.089431999999999956e+00
1.115237999999999952e+00
1.140071000000000057e+00
1.165043000000000051e+00
1.189578999999999942e+00
1.213324000000000069e+00
1.237133999999999956e+00
1.260842999999999936e+00
1.285085999999999951e+00
1.308316000000000034e+00
1.332184999999999953e+00
1.355661000000000005e+00
1.378041000000000071e+00
1.400627999999999984e+00
1.423647000000000107e+00
1.445658000000000110e+00
1.465883000000000047e+00
1.486960000000000059e+00
1.508332000000000006e+00
1.528744000000000103e+00
1.550148999999999999e+00
1.571307999999999927e+00
1.591822999999999988e+00
1.613714000000000093e+00
1.634220000000000006e+00
1.655510000000000037e+00
1.676770000000000094e+00
1.697540999999999967e+00
1.717861000000000082e+00
1.737003000000000075e+00
1.756529999999999925e+00
1.775673000000000057e+00
1.795655999999999919e+00
1.813833999999999946e+00
1.833142000000000049e+00
1.852503999999999929e+00
1.871582000000000079e+00
1.890314000000000050e+00
1.909950999999999954e+00
1.928916000000000075e+00
1.947060999999999931e+00
1.966094999999999926e+00
1.984588000000000019e+00
2.003950000000000120e+00
2.022308000000000217e+00
2.041443000000000119e+00
2.060058999999999862e+00
2.078915999999999986e+00
2.099025000000000141e+00
2.116692000000000018e+00
2.134425999999999934e+00
2.151978000000000169e+00
2.170399000000000189e+00
2.188324999999999854e+00
2.206719999999999793e+00
2.224587000000000092e+00
2.242217000000000127e+00
2.260327000000000197e+00
2.278810000000000002e+00
2.296832999999999902e+00
2.314645000000000064e+00
2.332303000000000015e+00
2.350318000000000129e+00
2.367211999999999872e+00
2.384986000000000050e+00
2.402233999999999980e+00
2.420568999999999971e+00
2.436401000000000039e+00
2.453393000000000157e+00
2.470871999999999957e+00
2.488058999999999799e+00
2.505656000000000105e+00
2.523273999999999795e+00
2.541150000000000020e+00
2.557961000000000151e+00
2.575009999999999799e+00
2.591547999999999963e+00
2.608074999999999921e+00
2.625773999999999830e+00
2.642336999999999936e+00
2.659238999999999908e+00
2.675609000000000126e+00
2.692182999999999993e+00
2.709389999999999965e+00
2.726620000000000044e+00
2.744209999999999816e+00
2.761392999999999986e+00
2.778551000000000215e+00
2.795529000000000153e+00
2.811923999999999868e+00
2.828132999999999786e+00
2.844943999999999917e+00
2.860754000000000019e+00
2.876752000000000198e+00
2.892987999999999893e+00
2.909896999999999956e+00
2.926534000000000191e+00
2.941101999999999883e+00
2.956678999999999835e+00
2.974063999999999819e+00
2.990594000000000197e+00
3.006974000000000036e+00
3.023423000000000194e+00
3.039524999999999810e+00
3.054838000000000164e+00
3.071648999999999852e+00
3.088607999999999798e+00
3.105395999999999823e+00
3.122593999999999870e+00
3.138335000000000097e+00
3.154544000000000015e+00
3.170393999999999934e+00
3.187084000000000028e+00
3.203376000000000001e+00
3.219198000000000004e+00
3.236078000000000010e+00
3.253080000000000194e+00
3.269614999999999938e+00
3.285756999999999817e+00
3.301232999999999862e+00
3.316629999999999967e+00
3.332762999999999920e+00
3.348727999999999927e+00
3.365501000000000076e+00
3.381215000000000082e+00
3.396316000000000113e+00
3.411808999999999870e+00
3.427010999999999807e+00
3.442705000000000126e+00
3.458743000000000123e+00
3.473824000000000023e+00
3.489904000000000117e+00
3.504915000000000003e+00
3.520891000000000215e+00
3.536424999999999930e+00
3.552834999999999965e+00
3.569265000000000132e+00
3.584672999999999998e+00
3.600531000000000148e+00
3.615670999999999857e+00
3.631142999999999788e+00
3.647759999999999891e+00
3.663336000000000148e+00
3.679851999999999901e+00
3.695866999999999791e+00
3.710996000000000183e+00
3.726186999999999916e+00
3.741458999999999868e+00
3.758075999999999972e+00
3.774080000000000101e+00
3.789015000000000022e+00
3.804568000000000172e+00
3.820387000000000199e+00
3.835478000000000165e+00
3.851049999999999862e+00
3.866375999999999813e+00
3.884020000000000028e+00
3.899637999999999938e+00
3.915747000000000089e+00
3.932053999999999938e+00
3.948042000000000051e+00
3.963601000000000152e+00
3.980561999999999934e+00
3.996532000000000195e+00
4.011846000000000245e+00
4.028311000000000419e+00
4.043836999999999904e+00
4.058511000000000202e+00
4.075622000000000078e+00
4.090393999999999863e+00
4.106421000000000099e+00
4.121140999999999721e+00
4.138077000000000005e+00
4.154107999999999912e+00
4.170622999999999969e+00
4.185589000000000226e+00
4.201056000000000346e+00
4.215704999999999814e+00
4.230891999999999875e+00
4.246375999999999706e+00
4.261809000000000403e+00
4.277366999999999919e+00
4.292609999999999815e+00
4.308393999999999835e+00
4.324727000000000210e+00
4.339395999999999809e+00
4.355297000000000196e+00
4.369797000000000153e+00
4.385137000000000285e+00
4.401417999999999608e+00
4.417258999999999602e+00
4.433070999999999984e+00
4.449397000000000268e+00
4.465296000000000376e+00
4.480579999999999785e+00
4.495874999999999844e+00
4.512762999999999636e+00
4.528772000000000020e+00
4.544059999999999988e+00
4.558595999999999648e+00
4.575657999999999781e+00
4.591738999999999571e+00
4.607476000000000127e+00
4.622189999999999799e+00
4.638650000000000162e+00
4.653706999999999816e+00
4.668014999999999581e+00
4.683292999999999928e+00
4.699468000000000423e+00
4.713386999999999993e+00
4.728509999999999991e+00
4.745344000000000229e+00
4.759622000000000241e+00
4.774707000000000257e+00
4.789354000000000333e+00
4.805314000000000085e+00
4.820882000000000112e+00
4.836720999999999826e+00
4.851015000000000299e+00
4.866489999999999760e+00
4.882412000000000418e+00
4.897990000000000066e+00
4.913306999999999647e+00
4.929516999999999705e+00
4.944601999999999720e+00
4.961208000000000062e+00
4.976257000000000374e+00
4.991281999999999996e+00
5.006679000000000102e+00
5.022715999999999958e+00
5.037399999999999878e+00
5.053409000000000262e+00
5.068662999999999919e+00
5.083840000000000359e+00
5.098677000000000348e+00
5.114091000000000165e+00
5.128547000000000189e+00
5.143557000000000379e+00
5.158660000000000245e+00
5.173683999999999727e+00
5.189542999999999573e+00
5.204546999999999812e+00
5.218412999999999968e+00
5.233474000000000181e+00
5.248367000000000004e+00
5.263551999999999786e+00
5.279016000000000375e+00
5.293073999999999835e+00
5.309622000000000064e+00
5.324989000000000416e+00
5.341010999999999953e+00
5.357289999999999885e+00
5.373134000000000299e+00
5.388899000000000328e+00
5.404326000000000185e+00
5.420077000000000034e+00
5.436036999999999786e+00
5.451742999999999562e+00
5.465653999999999790e+00
5.481291999999999831e+00
5.496766000000000041e+00
5.511603000000000030e+00
5.527002000000000415e+00
5.542330999999999896e+00
5.558017000000000429e+00
5.572752999999999624e+00
5.588262000000000285e+00
5.602578000000000280e+00
5.618631999999999849e+00
5.633337000000000039e+00
5.649034999999999584e+00
5.663213999999999970e+00
5.678549000000000291e+00
5.692680000000000184e+00
5.708336000000000077e+00
5.722431000000000267e+00
5.736791000000000196e+00
5.752753000000000227e+00
5.768437999999999732e+00
5.782731000000000066e+00
5.797126999999999697e+00
5.812092999999999954e+00
5.826675999999999966e+00
5.842381999999999742e+00
5.857511999999999830e+00
5.871876000000000317e+00
5.886938999999999922e+00
5.902002000000000415e+00
5.917050999999999839e+00
5.932590000000000252e+00
5.947842999999999769e+00
5.962828000000000017e+00
5.978345000000000020e+00
5.993394000000000332e+00
6.008892000000000344e+00
6.024263999999999619e+00
6.040512999999999799e+00
6.056297999999999959e+00
6.071563000000000265e+00
6.087149000000000143e+00
6.101416000000000395e+00
6.117094999999999949e+00
6.131198999999999621e+00
6.146564999999999834e+00
6.161213000000000051e+00
6.176637999999999629e+00
6.190217999999999776e+00
6.205276999999999710e+00
6.220551000000000386e+00
6.234198000000000128e+00
6.248863000000000056e+00
6.265259000000000356e+00
6.281188000000000216e+00
6.296234000000000108e+00
6.311341999999999786e+00
6.326227000000000267e+00
6.341277999999999970e+00
6.356708000000000247e+00
6.371485999999999983e+00
6.388327999999999562e+00
6.403590000000000337e+00
6.418333999999999762e+00
6.433835000000000193e+00
6.448502999999999652e+00
6.463643000000000249e+00
6.479364000000000345e+00
6.494425999999999810e+00
6.510050999999999810e+00
6.525021999999999878e+00
6.540026000000000117e+00
6.555171999999999777e+00
6.572136000000000422e+00
6.586783999999999750e+00
6.601981999999999573e+00
6.617149999999999643e+00
6.632535999999999987e+00
6.647770999999999653e+00
6.662474999999999703e+00
6.677840999999999916e+00
6.691745000000000054e+00
6.706716000000000122e+00
6.722423000000000037e+00
6.736212000000000089e+00
6.751457000000000264e+00
6.766697999999999880e+00
6.782362000000000002e+00
6.797543000000000113e+00
6.812217000000000411e+00
6.826633000000000173e+00
6.842520999999999631e+00
6.858146999999999771e+00
6.873256999999999728e+00
6.888239999999999696e+00
6.903788999999999731e+00
6.919038999999999717e+00
6.933060000000000223e+00
6.948324999999999640e+00
6.963438000000000017e+00
6.979371000000000436e+00
6.993670999999999971e+00
7.009256999999999849e+00
7.024421000000000248e+00
7.039502999999999844e+00
7.054672000000000054e+00
7.070015999999999856e+00
7.084850000000000314e+00
7.098906999999999634e+00
7.114251999999999576e+00
7.128626999999999825e+00
7.144783999999999580e+00
7.159659999999999691e+00
7.174451000000000356e+00
7.188884999999999970e+00
7.204324999999999868e+00
7.218980000000000175e+00
7.233657000000000004e+00
7.249030999999999558e+00
7.264084000000000430e+00
7.279772000000000354e+00
7.294684000000000168e+00
7.309609000000000023e+00
7.324710999999999750e+00
7.340576000000000434e+00
7.355414999999999814e+00
7.371121999999999730e+00
7.385186000000000028e+00
7.399956000000000422e+00
7.416459999999999830e+00
7.432209000000000287e+00
7.447376000000000218e+00
7.463415000000000354e+00
7.477521000000000306e+00
7.492719000000000129e+00
7.508068999999999882e+00
7.523287999999999975e+00
7.539003000000000121e+00
7.554548999999999737e+00
7.568640000000000256e+00
7.584203999999999724e+00
7.598212000000000188e+00
7.613978999999999608e+00
7.628650000000000375e+00
7.642611999999999739e+00
7.657130999999999688e+00
7.672714000000000034e+00
7.687604000000000326e+00
7.702594999999999636e+00
7.717808999999999919e+00
7.732846999999999582e+00
7.747816000000000258e+00
7.762031999999999599e+00
7.775757999999999726e+00
7.790605000000000224e+00
7.805596000000000423e+00
7.820027999999999757e+00
7.834896999999999778e+00
7.849550999999999945e+00
7.864128000000000007e+00
7.878838000000000008e+00
7.892938000000000009e+00
7.908985999999999628e+00
7.923674000000000106e+00
7.939377999999999602e+00
7.954515999999999920e+00
7.970763999999999960e+00
7.985005000000000130e+00
8.000123000000000317e+00
8.015098000000000056e+00
8.029987000000000208e+00
8.044551999999999481e+00
8.059188999999999936e+00
8.074502000000000734e+00
8.089702000000000837e+00
8.103706999999999994e+00
8.119303999999999633e+00
8.134733999999999909e+00
8.149454999999999671e+00
8.164035000000000153e+00
8.178705000000000780e+00
8.195057999999999510e+00
8.209065000000000722e+00
8.222583000000000197e+00
8.238462999999999425e+00
8.253403999999999741e+00
8.268224000000000018e+00
8.282816000000000400e+00
8.298037000000000774e+00
8.313223000000000695e+00
8.328924999999999912e+00
8.343707000000000207e+00
8.359049999999999869e+00
8.374176000000000286e+00
8.388566000000000855e+00
8.403836000000000084e+00
8.419866000000000739e+00
8.434443999999999164e+00
8.450143000000000626e+00
8.465731999999999147e+00
8.480707000000000662e+00
8.494545000000000456e+00
8.508468999999999838e+00
8.523730999999999725e+00
8.538353999999999999e+00
8.553765999999999536e+00
8.567876999999999299e+00
8.584142999999999191e+00
8.598356000000000776e+00
8.612807999999999353e+00
8.628690000000000637e+00
8.643739000000000061e+00
8.658170999999999395e+00
8.673413999999999291e+00
8.689567999999999515e+00
8.705030999999999963e+00
8.720404999999999518e+00
8.735613000000000739e+00
8.750090999999999397e+00
8.764848000000000638e+00
8.779211999999999350e+00
8.794909000000000532e+00
8.810330999999999690e+00
8.825582999999999956e+00
8.840199999999999392e+00
8.855214000000000141e+00
8.870969000000000548e+00
8.885222999999999871e+00
8.899620999999999782e+00
8.915397000000000460e+00
8.929620999999999142e+00
8.943929999999999936e+00
8.958802000000000376e+00
8.973812999999999818e+00
8.987906999999999869e+00
9.001554000000000499e+00
9.016920999999999964e+00
9.032458000000000098e+00
9.048196000000000794e+00
9.063985000000000625e+00
9.078592000000000439e+00
9.093880999999999659e+00
9.109061000000000519e+00
9.124822999999999240e+00
9.141353000000000506e+00
9.155493999999999133e+00
9.170298999999999978e+00
9.186087999999999809e+00
9.201477000000000572e+00
9.216357999999999606e+00
9.232255000000000322e+00
9.247413999999999135e+00
9.262532999999999461e+00
9.277423000000000641e+00
9.292495000000000616e+00
9.306791999999999732e+00
9.322086999999999790e+00
9.337376000000000786e+00
9.351791999999999661e+00
9.367808000000000135e+00
9.382804999999999396e+00
9.396639999999999660e+00
9.411497000000000668e+00
9.427395999999999887e+00
9.441641000000000616e+00
9.456435000000000812e+00
9.471159999999999357e+00
9.485563000000000855e+00
9.501462999999999326e+00
9.516883999999999233e+00
9.532332000000000249e+00
9.546141999999999683e+00
9.560762999999999678e+00
9.575777999999999679e+00
9.590059000000000111e+00
9.604685999999999169e+00
9.618842000000000780e+00
9.633561999999999514e+00
9.649024999999999963e+00
9.664391000000000176e+00
9.678876000000000701e+00
9.693481999999999488e+00
9.708484000000000336e+00
9.723285000000000622e+00
9.739055000000000462e+00
9.754208999999999463e+00
9.770343000000000444e+00
9.784725999999999146e+00
9.799927000000000277e+00
9.815153000000000461e+00
9.830194000000000543e+00
9.844943000000000666e+00
9.859453999999999496e+00
9.874326999999999188e+00
9.889979000000000298e+00
9.904664999999999608e+00
9.920393000000000683e+00
9.935587999999999198e+00
9.950457999999999359e+00
9.964662999999999826e+00
9.978289999999999438e+00
9.992841999999999558e+00
1.000813899999999990e+01
1.002337099999999914e+01
1.003797899999999998e+01
1.005118000000000045e+01
1.006540999999999997e+01
1.007991900000000030e+01
1.009424399999999977e+01
1.010894599999999954e+01
1.012405099999999969e+01
1.013846900000000062e+01
1.015316100000000077e+01
1.016834799999999994e+01
1.018337999999999965e+01
1.019755199999999995e+01
1.021254500000000043e+01
