0.000000000000000000e+00
1.777420000000000111e-01
4.265120000000000022e-01
6.028820000000000290e-01
7.447179999999999911e-01
8.665239999999999609e-01
9.753030000000000310e-01
1.074392000000000014e+00
1.165162999999999949e+00
1.249632999999999994e+00
1.328694000000000042e+00
1.402887999999999913e+00
1.474617999999999984e+00
1.543460000000000054e+00
1.608821000000000057e+00
1.671410999999999980e+00
1.732909000000000033e+00
1.792391999999999985e+00
1.850114999999999954e+00
1.905084000000000000e+00
1.959856999999999960e+00
2.012372000000000050e+00
2.064581000000000000e+00
2.114253000000000160e+00
2.163755000000000095e+00
2.212683000000000177e+00
2.258894999999999875e+00
2.306350000000000122e+00
2.350639000000000145e+00
2.395106000000000179e+00
2.437616999999999923e+00
2.480601000000000056e+00
2.524017000000000177e+00
2.565552999999999972e+00
2.606651999999999969e+00
2.646288999999999891e+00
2.685649999999999871e+00
2.724353999999999942e+00
2.762877000000000027e+00
2.801301000000000041e+00
2.839536999999999978e+00
2.876450999999999869e+00
2.912479999999999958e+00
2.948993999999999893e+00
2.983648000000000078e+00
3.019530000000000047e+00
3.053653999999999868e+00
3.087981999999999783e+00
3.121666999999999970e+00
3.155514999999999848e+00
3.188743000000000105e+00
3.221213999999999800e+00
3.253007000000000204e+00
3.284874999999999989e+00
3.317673999999999790e+00
3.348646000000000011e+00
3.382144999999999957e+00
3.414143999999999846e+00
3.446006000000000125e+00
3.476633999999999780e+00
3.507055999999999951e+00
3.537552999999999948e+00
3.566066000000000180e+00
3.596147999999999900e+00
3.626501999999999892e+00
3.656680000000000152e+00
3.686685999999999908e+00
3.715005000000000113e+00
3.743762999999999952e+00
3.772244000000000153e+00
3.798744999999999816e+00
3.827118000000000020e+00
3.854724000000000039e+00
3.882302000000000142e+00
3.909438000000000191e+00
3.937221000000000082e+00
3.963972000000000051e+00
3.991422000000000025e+00
4.018434000000000061e+00
4.044084999999999930e+00
4.069816000000000322e+00
4.095797000000000132e+00
4.120970999999999940e+00
4.147491999999999734e+00
4.172219000000000122e+00
4.198084999999999845e+00
4.223726000000000091e+00
4.247789000000000037e+00
4.270954999999999835e+00
4.296299000000000312e+00
4.321093000000000295e+00
4.345642999999999923e+00
4.370697999999999972e+00
4.394705000000000084e+00
4.418765999999999750e+00
4.443483999999999767e+00
4.468611000000000111e+00
4.492535000000000167e+00
4.517469000000000179e+00
4.541653000000000162e+00
4.565571000000000268e+00
4.588402999999999565e+00
4.611945999999999657e+00
4.636090000000000266e+00
4.659867000000000203e+00
4.681936000000000320e+00
4.704185999999999979e+00
4.726511000000000351e+00
4.749532999999999561e+00
4.771226000000000411e+00
4.793135000000000367e+00
4.814396000000000342e+00
4.836494000000000071e+00
4.858641999999999683e+00
4.880983999999999767e+00
4.901848000000000205e+00
4.923652999999999835e+00
4.944664000000000392e+00
4.966071999999999598e+00
4.988069000000000308e+00
5.008418999999999954e+00
5.030419000000000196e+00
5.051063000000000081e+00
5.072250999999999621e+00
5.093217000000000105e+00
5.114869999999999806e+00
5.134650999999999854e+00
5.154100999999999821e+00
5.175658000000000314e+00
5.195284000000000013e+00
5.215602999999999767e+00
5.235801999999999623e+00
5.254629000000000438e+00
5.274606000000000350e+00
5.294469999999999565e+00
5.314665999999999890e+00
5.333103000000000371e+00
5.352891999999999761e+00
5.373135000000000439e+00
5.392756999999999579e+00
5.412291999999999881e+00
5.432959000000000316e+00
5.453106000000000009e+00
5.473139999999999894e+00
5.492599000000000231e+00
5.512777999999999956e+00
5.532187000000000410e+00
5.551518999999999870e+00
5.570649000000000406e+00
5.588733999999999646e+00
5.609109000000000123e+00
5.627322999999999631e+00
5.646893000000000384e+00
5.666450000000000209e+00
5.684719000000000300e+00
5.704602000000000395e+00
5.722552000000000305e+00
5.742443999999999882e+00
5.759845000000000326e+00
5.778152999999999651e+00
5.796147000000000382e+00
5.814153000000000127e+00
5.832416000000000267e+00
5.850603999999999694e+00
5.869265999999999650e+00
5.886898999999999660e+00
5.904977999999999838e+00
5.922827999999999982e+00
5.940815999999999875e+00
5.958527000000000129e+00
5.977139000000000202e+00
5.995148999999999617e+00
6.013415000000000177e+00
6.032803000000000360e+00
6.050849999999999618e+00
6.067397999999999847e+00
6.085268000000000121e+00
6.102612999999999843e+00
6.119663000000000075e+00
6.137278000000000233e+00
6.154561000000000170e+00
6.172013999999999889e+00
6.188772000000000162e+00
6.205741999999999869e+00
6.222827999999999804e+00
6.240319000000000393e+00
6.258492999999999640e+00
6.275604999999999656e+00
6.293387000000000064e+00
6.309960000000000235e+00
6.327303999999999817e+00
6.344185999999999659e+00
6.360308999999999990e+00
6.376013000000000375e+00
6.392856000000000094e+00
6.410093999999999959e+00
6.428612000000000215e+00
6.446170000000000400e+00
6.462793999999999706e+00
6.478622999999999799e+00
6.495815000000000339e+00
6.510904000000000025e+00
6.527726000000000361e+00
6.545384999999999565e+00
6.560546999999999684e+00
6.577105000000000423e+00
6.593621999999999872e+00
6.608845999999999776e+00
6.625230000000000175e+00
6.640947999999999851e+00
6.656310000000000393e+00
6.672632000000000119e+00
6.688748000000000360e+00
6.704875999999999614e+00
6.721504999999999619e+00
6.738046999999999898e+00
6.755212000000000216e+00
6.770362000000000435e+00
6.786230999999999902e+00
6.803200000000000358e+00
6.819230000000000125e+00
6.834814999999999863e+00
6.851196999999999981e+00
6.867094999999999949e+00
6.882647999999999655e+00
6.897615000000000052e+00
6.913299999999999557e+00
6.929953000000000252e+00
6.945726999999999762e+00
6.960462999999999845e+00
6.975144000000000233e+00
6.990038000000000196e+00
7.004171000000000369e+00
7.018131999999999593e+00
7.033436000000000021e+00
7.048957999999999835e+00
7.064052000000000220e+00
7.078426999999999580e+00
7.093297999999999881e+00
7.109244999999999592e+00
7.123470000000000191e+00
7.138828000000000173e+00
7.153192999999999913e+00
7.168180999999999692e+00
7.183360999999999663e+00
7.198825000000000252e+00
7.213415000000000354e+00
7.227948999999999735e+00
7.241576000000000235e+00
7.255418999999999841e+00
7.270330000000000403e+00
7.284777000000000058e+00
7.299198999999999771e+00
7.313710999999999629e+00
7.327691999999999872e+00
7.342766000000000126e+00
7.356646999999999714e+00
7.370967000000000269e+00
7.384539000000000186e+00
7.398170000000000357e+00
7.413463000000000136e+00
7.427240000000000286e+00
7.440875000000000128e+00
7.455648000000000053e+00
7.470886000000000138e+00
7.486161000000000065e+00
7.500130000000000408e+00
7.513351000000000113e+00
7.527686000000000099e+00
7.543054999999999843e+00
7.555944000000000216e+00
7.570801999999999587e+00
7.585358000000000267e+00
7.599452999999999570e+00
7.614143999999999579e+00
7.629787000000000319e+00
7.643214999999999648e+00
7.657593000000000316e+00
7.671033999999999686e+00
7.684531999999999918e+00
7.698320999999999970e+00
7.710373999999999839e+00
7.724611999999999590e+00
7.738879999999999981e+00
7.752074000000000353e+00
7.766316999999999915e+00
7.778368999999999645e+00
7.792520999999999809e+00
7.806746999999999659e+00
7.821216999999999864e+00
7.834908999999999679e+00
7.849772999999999890e+00
7.863540000000000418e+00
7.876527000000000278e+00
7.889620999999999995e+00
7.902173999999999587e+00
7.916653000000000162e+00
7.930858999999999881e+00
7.945541000000000409e+00
7.958671999999999969e+00
7.971136000000000443e+00
7.983285999999999660e+00
7.996497999999999884e+00
8.011001000000000261e+00
8.024499999999999744e+00
8.039065000000000794e+00
8.053160000000000096e+00
8.064868000000000592e+00
8.078777000000000541e+00
8.092370000000000729e+00
8.104511000000000465e+00
8.118432999999999566e+00
8.131980000000000430e+00
8.145132999999999512e+00
8.158787000000000234e+00
8.172269000000000005e+00
8.184635999999999356e+00
8.198565999999999576e+00
8.209103000000000705e+00
8.222070000000000434e+00
8.235609999999999431e+00
8.248139999999999361e+00
8.260915999999999926e+00
8.274053999999999576e+00
8.286239999999999384e+00
8.298645000000000493e+00
8.311372000000000426e+00
8.323646000000000100e+00
8.336980999999999753e+00
8.350234000000000378e+00
8.362958000000000780e+00
8.375887000000000526e+00
8.388635999999999981e+00
8.401317999999999842e+00
8.414630000000000720e+00
8.427180999999999145e+00
8.438836999999999477e+00
8.451404000000000138e+00
8.464366000000000057e+00
8.476903000000000077e+00
8.490536000000000527e+00
8.504652999999999352e+00
8.517685000000000173e+00
8.531470999999999805e+00
8.545683999999999614e+00
8.557727999999999113e+00
8.569411000000000556e+00
8.580978999999999246e+00
8.593565999999999150e+00
8.606000999999999124e+00
8.617900000000000560e+00
8.630482000000000653e+00
8.643364000000000047e+00
8.656240000000000379e+00
8.668552999999999287e+00
8.681658999999999793e+00
8.695100999999999303e+00
8.706868999999999303e+00
8.718510999999999456e+00
8.730050000000000310e+00
8.741841000000000861e+00
8.754642999999999731e+00
8.766647000000000745e+00
8.779460000000000264e+00
8.791736000000000217e+00
8.804391000000000744e+00
8.816509999999999181e+00
8.828908999999999452e+00
8.841212999999999766e+00
8.853322999999999610e+00
8.864086000000000354e+00
8.876353999999999189e+00
8.888465000000000060e+00
8.900080000000000879e+00
8.912896999999999181e+00
8.925392999999999688e+00
8.937587000000000614e+00
8.949230000000000018e+00
8.960556999999999661e+00
8.973110000000000142e+00
8.985834000000000543e+00
8.997709999999999653e+00
9.010054000000000229e+00
9.020421999999999940e+00
9.031715000000000160e+00
9.043801000000000201e+00
9.056532000000000693e+00
9.069127999999999190e+00
9.081331999999999738e+00
9.093344999999999345e+00
9.104741000000000639e+00
9.116607000000000127e+00
9.128553999999999391e+00
9.140017000000000280e+00
9.150596999999999426e+00
9.162323999999999913e+00
9.174046000000000589e+00
9.185620000000000118e+00
9.197639999999999816e+00
9.210271999999999792e+00
9.221548000000000300e+00
9.233250999999999209e+00
9.244702000000000197e+00
9.257351999999999137e+00
9.269287999999999528e+00
9.279987999999999460e+00
9.292165999999999926e+00
9.304474000000000800e+00
9.315523000000000664e+00
9.326729999999999521e+00
9.338155999999999679e+00
9.350241000000000469e+00
9.362745000000000317e+00
9.375104000000000326e+00
9.386487000000000691e+00
9.399150999999999812e+00
9.411652999999999381e+00
9.424234000000000222e+00
9.436958000000000624e+00
9.448757999999999768e+00
9.460001999999999356e+00
9.471773000000000664e+00
9.480874000000000024e+00
9.491683999999999344e+00
9.504137999999999309e+00
9.515496000000000620e+00
9.525522000000000489e+00
9.535923000000000371e+00
9.547451000000000576e+00
9.558419999999999916e+00
9.569388999999999257e+00
9.580574000000000368e+00
9.591355000000000075e+00
9.603433000000000774e+00
9.616308999999999330e+00
9.628064999999999429e+00
9.639414000000000371e+00
9.651101000000000596e+00
9.661766000000000076e+00
9.673114999999999242e+00
9.684381000000000128e+00
9.694708999999999577e+00
9.704608000000000345e+00
9.715519999999999712e+00
9.726810999999999652e+00
9.737607000000000568e+00
9.748789000000000371e+00
9.759983999999999327e+00
9.771380999999999872e+00
9.781397999999999371e+00
9.792004000000000374e+00
9.802647000000000332e+00
9.813081000000000387e+00
9.825730999999999327e+00
9.837075999999999709e+00
9.848530000000000229e+00
9.859837000000000629e+00
9.871055000000000135e+00
9.881235999999999464e+00
9.893278000000000461e+00
9.904275999999999414e+00
9.914543999999999357e+00
9.926420999999999495e+00
9.937257000000000673e+00
9.949066000000000187e+00
9.959440000000000737e+00
9.970883999999999858e+00
9.981662000000000035e+00
9.992508000000000834e+00
1.000258099999999928e+01
1.001381100000000046e+01
1.002520099999999914e+01
1.003533999999999970e+01
1.004665600000000047e+01
1.005794700000000041e+01
1.006873500000000021e+01
1.007955399999999990e+01
1.009103999999999957e+01
1.010149200000000036e+01
1.011169800000000052e+01
1.012403399999999998e+01
1.013431600000000010e+01
1.014496800000000043e+01
1.015463100000000018e+01
1.016562899999999914e+01
1.017599099999999979e+01
1.018687300000000029e+01
1.019884000000000057e+01
1.020912599999999948e+01
1.021997299999999953e+01
1.022996299999999970e+01
1.024033799999999950e+01
1.025139800000000001e+01
1.026325100000000035e+01
1.027398400000000045e+01
1.028419700000000070e+01
1.029492699999999950e+01
1.030586199999999941e+01
1.031640699999999988e+01
1.032724699999999984e+01
1.033751099999999923e+01
1.034821999999999953e+01
1.035869399999999985e+01
1.036871400000000065e+01
1.037952699999999950e+01
1.038883200000000073e+01
1.039849199999999918e+01
1.040911799999999943e+01
1.041839200000000076e+01
1.042860100000000045e+01
1.043848599999999927e+01
1.044941700000000040e+01
1.045938199999999973e+01
1.047000899999999923e+01
1.048027399999999965e+01
1.049070999999999998e+01
1.050111399999999939e+01
1.051080999999999932e+01
1.052085199999999965e+01
1.053116299999999939e+01
1.054214799999999919e+01
1.055178899999999942e+01
1.056144899999999964e+01
1.057187200000000082e+01
1.058208899999999986e+01
1.059185100000000013e+01
1.060175500000000071e+01
1.061176799999999965e+01
1.062221899999999941e+01
1.063290600000000019e+01
1.064361500000000049e+01
1.065402899999999953e+01
1.066380700000000026e+01
1.067428499999999936e+01
1.068507800000000074e+01
1.069598599999999955e+01
1.070609699999999975e+01
1.071695199999999915e+01
1.072649999999999970e+01
1.073654200000000003e+01
1.074601499999999987e+01
1.075595399999999913e+01
1.076709199999999989e+01
1.077664000000000044e+01
1.078715900000000083e+01
1.079691799999999979e+01
1.080757299999999965e+01
1.081796600000000019e+01
1.082791199999999954e+01
1.083763800000000010e+01
1.084730500000000042e+01
1.085782900000000062e+01
1.086811199999999999e+01
1.087747000000000064e+01
1.088705999999999996e+01
1.089720999999999940e+01
1.090765999999999991e+01
1.091771199999999986e+01
1.092783299999999969e+01
1.093644899999999964e+01
1.094678200000000068e+01
1.095710799999999985e+01
1.096695099999999989e+01
1.097654200000000024e+01
1.098691600000000079e+01
1.099682400000000015e+01
1.100586099999999945e+01
1.101606400000000008e+01
1.102559899999999971e+01
1.103548600000000057e+01
1.104559399999999947e+01
1.105543100000000045e+01
1.106524300000000061e+01
1.107551800000000064e+01
1.108464200000000055e+01
1.109456600000000037e+01
1.110538599999999931e+01
1.111619600000000041e+01
1.112515699999999974e+01
1.113517700000000055e+01
1.114525800000000011e+01
1.115411499999999911e+01
1.116397599999999990e+01
1.117329100000000075e+01
1.118359500000000040e+01
1.119392900000000068e+01
1.120307200000000059e+01
1.121299600000000041e+01
1.122321799999999925e+01
1.123371799999999965e+01
1.124300099999999958e+01
1.125317800000000013e+01
1.126307800000000015e+01
1.127384699999999995e+01
1.128390699999999924e+01
1.129329500000000053e+01
1.130272899999999936e+01
1.131213699999999989e+01
1.132201500000000038e+01
1.133124199999999959e+01
