0.000000000000000000e+00
6.085439999999999738e-01
1.298801000000000094e+00
1.700469999999999926e+00
1.995093000000000005e+00
2.232286000000000215e+00
2.434563999999999950e+00
2.611295999999999840e+00
2.769032000000000160e+00
2.911748999999999921e+00
3.043406000000000056e+00
3.164966999999999864e+00
3.279563000000000006e+00
3.388745999999999814e+00
3.491382000000000208e+00
3.588061000000000167e+00
3.681375000000000064e+00
3.770439999999999792e+00
3.855376000000000136e+00
3.937825000000000131e+00
4.015700999999999965e+00
4.091980999999999646e+00
4.164716999999999558e+00
4.235966999999999594e+00
4.304749000000000159e+00
4.373410999999999937e+00
4.439986000000000210e+00
4.502820999999999962e+00
4.564474999999999838e+00
4.624702000000000091e+00
4.682915000000000383e+00
4.741554999999999964e+00
4.797901000000000415e+00
4.853553999999999924e+00
4.906727000000000061e+00
4.959558999999999607e+00
5.012222000000000399e+00
5.064466000000000356e+00
5.115064000000000277e+00
5.163744000000000334e+00
5.213035999999999781e+00
5.260595999999999606e+00
5.306738000000000177e+00
5.352863000000000149e+00
5.397617000000000331e+00
5.442114000000000118e+00
5.486354000000000397e+00
5.530108000000000246e+00
5.572522000000000197e+00
5.616404000000000174e+00
5.657570999999999906e+00
5.697583999999999982e+00
5.737186999999999593e+00
5.776323999999999792e+00
5.815903999999999741e+00
5.855414999999999814e+00
5.895099000000000089e+00
5.932604999999999684e+00
5.971727999999999703e+00
6.009267999999999610e+00
6.047291000000000416e+00
6.084418000000000326e+00
6.121775999999999662e+00
6.157493999999999801e+00
6.194117000000000317e+00
6.230205999999999911e+00
6.265628999999999671e+00
6.300291999999999781e+00
6.333306000000000324e+00
6.367676999999999587e+00
6.401282000000000139e+00
6.435592999999999897e+00
6.469079999999999941e+00
6.504016000000000020e+00
6.536399000000000292e+00
6.569156999999999691e+00
6.599776000000000309e+00
6.629395999999999844e+00
6.659995999999999583e+00
6.691296999999999606e+00
6.721429999999999794e+00
6.752341000000000371e+00
6.782422999999999647e+00
6.811823000000000405e+00
6.841923999999999673e+00
6.871249999999999858e+00
6.900223000000000440e+00
6.928392999999999802e+00
6.956273999999999624e+00
6.985235999999999557e+00
7.013109000000000037e+00
7.042275000000000063e+00
7.069674000000000014e+00
7.098399999999999821e+00
7.125358000000000303e+00
7.153386000000000244e+00
7.181188999999999822e+00
7.209295000000000009e+00
7.235604000000000369e+00
7.261435999999999780e+00
7.287361999999999895e+00
7.314299000000000106e+00
7.341382000000000296e+00
7.368521999999999572e+00
7.394956999999999780e+00
7.421490000000000364e+00
7.446755999999999709e+00
7.470195000000000363e+00
7.496347000000000094e+00
7.521059000000000161e+00
7.545481999999999800e+00
7.570155999999999885e+00
7.594825000000000159e+00
7.617797999999999625e+00
7.643060000000000187e+00
7.666720999999999897e+00
7.692021999999999693e+00
7.715850999999999793e+00
7.740747999999999962e+00
7.764751999999999654e+00
7.788170000000000037e+00
7.810935999999999879e+00
7.833746999999999794e+00
7.857744000000000284e+00
7.881300000000000416e+00
7.905007000000000339e+00
7.928228999999999971e+00
7.952535000000000132e+00
7.976289999999999658e+00
7.999013999999999847e+00
8.021525999999999712e+00
8.043870999999999327e+00
8.066938999999999638e+00
8.089083000000000467e+00
8.111240000000000450e+00
8.132246999999999559e+00
8.154704000000000619e+00
8.177462999999999482e+00
8.197893999999999792e+00
8.219839000000000340e+00
8.241208999999999563e+00
8.262092000000000880e+00
8.284634000000000498e+00
8.306141999999999470e+00
8.326389999999999958e+00
8.346989000000000658e+00
8.367103999999999431e+00
8.388714999999999478e+00
8.408448999999999174e+00
8.430490000000000705e+00
8.451128000000000640e+00
8.471989000000000658e+00
8.493622000000000227e+00
8.512999999999999901e+00
8.534394999999999953e+00
8.553794999999999149e+00
8.574239000000000388e+00
8.595786000000000371e+00
8.614959000000000700e+00
8.634078000000000586e+00
8.654052999999999329e+00
8.674599000000000615e+00
8.694884000000000057e+00
8.716077000000000297e+00
8.735386000000000095e+00
8.755706999999999240e+00
8.776127999999999929e+00
8.794691000000000258e+00
8.814175999999999789e+00
8.833266999999999314e+00
8.852778000000000702e+00
8.870247000000000881e+00
8.889115000000000322e+00
8.907209999999999184e+00
8.926498000000000488e+00
8.947141999999999484e+00
8.965611000000000885e+00
8.985312999999999661e+00
9.004562999999999207e+00
9.021718999999999156e+00
9.039773000000000280e+00
9.057897999999999783e+00
9.076871000000000578e+00
9.095074999999999577e+00
9.112289999999999779e+00
9.130378000000000327e+00
9.148706000000000671e+00
9.167538000000000409e+00
9.185681000000000651e+00
9.204269999999999285e+00
9.221391000000000560e+00
9.237418999999999158e+00
9.254080999999999335e+00
9.271176000000000528e+00
9.288226999999999123e+00
9.306592000000000198e+00
9.324896000000000740e+00
9.341115999999999531e+00
9.359429999999999694e+00
9.377321999999999491e+00
9.393947999999999965e+00
9.410244000000000497e+00
9.427364999999999995e+00
9.445213999999999999e+00
9.463046000000000291e+00
9.480207000000000050e+00
9.496793999999999514e+00
9.514025999999999428e+00
9.531850000000000378e+00
9.548716999999999899e+00
9.563563999999999510e+00
9.579872999999999195e+00
9.595667000000000613e+00
9.611914999999999765e+00
9.628218000000000387e+00
9.644453999999999638e+00
9.661293999999999826e+00
9.677925000000000111e+00
9.692650999999999684e+00
9.708425999999999334e+00
9.724249000000000365e+00
9.741706999999999894e+00
9.757134999999999891e+00
9.772811000000000803e+00
9.788693999999999562e+00
9.804334000000000771e+00
9.820475000000000065e+00
9.837004000000000303e+00
9.852581999999999951e+00
9.869882000000000488e+00
9.884926999999999353e+00
9.900501000000000218e+00
9.915544999999999831e+00
9.930490999999999957e+00
9.945558000000000121e+00
9.961793000000000120e+00
9.975920000000000343e+00
9.990560000000000329e+00
1.000463799999999992e+01
1.001978599999999986e+01
1.003506299999999918e+01
1.005070899999999945e+01
1.006541999999999959e+01
1.008073399999999964e+01
1.009573699999999974e+01
1.010969099999999976e+01
1.012342499999999923e+01
1.013720200000000027e+01
1.015270600000000023e+01
1.016807799999999951e+01
1.018227100000000007e+01
1.019854300000000080e+01
1.021313999999999922e+01
1.022830399999999962e+01
1.024286000000000030e+01
1.025778599999999940e+01
1.027185500000000040e+01
1.028566700000000012e+01
1.029970999999999925e+01
1.031462100000000071e+01
1.032838399999999979e+01
1.034287600000000040e+01
1.035738300000000045e+01
1.037253100000000039e+01
1.038700399999999924e+01
1.040172699999999928e+01
1.041638400000000075e+01
1.043027999999999977e+01
1.044419700000000084e+01
1.045898099999999964e+01
1.047386099999999942e+01
1.048870199999999997e+01
1.050322099999999992e+01
1.051840499999999956e+01
1.053204700000000038e+01
1.054507300000000036e+01
1.055885600000000046e+01
1.057279800000000058e+01
1.058711800000000025e+01
1.060171700000000072e+01
1.061382399999999926e+01
1.062838700000000003e+01
1.064266100000000037e+01
1.065580300000000058e+01
1.066898499999999927e+01
1.068323600000000084e+01
1.069710800000000006e+01
1.071034799999999976e+01
1.072296599999999955e+01
1.073701600000000056e+01
1.075038499999999964e+01
1.076488799999999912e+01
1.077850199999999958e+01
1.079244100000000017e+01
1.080687700000000007e+01
1.082070399999999921e+01
1.083314500000000002e+01
1.084723999999999933e+01
1.086076500000000067e+01
1.087380100000000027e+01
1.088708800000000032e+01
1.090006699999999995e+01
1.091386600000000051e+01
1.092816499999999991e+01
1.094118600000000008e+01
1.095407400000000031e+01
1.096729599999999927e+01
1.097949299999999972e+01
1.099135500000000043e+01
1.100523699999999927e+01
1.101788099999999915e+01
1.103136800000000051e+01
1.104462299999999964e+01
1.105790200000000034e+01
1.106977700000000020e+01
1.108314799999999956e+01
1.109511600000000087e+01
1.110871200000000059e+01
1.112182999999999922e+01
1.113480400000000081e+01
1.114947800000000022e+01
1.116222899999999996e+01
1.117659100000000016e+01
1.118843099999999957e+01
1.120110999999999990e+01
1.121329300000000018e+01
1.122667599999999943e+01
1.123967500000000008e+01
1.125176899999999947e+01
1.126397500000000029e+01
1.127705699999999922e+01
1.129052399999999956e+01
1.130153199999999991e+01
1.131328800000000001e+01
1.132570399999999999e+01
1.133823300000000067e+01
1.135158900000000060e+01
1.136438599999999965e+01
1.137673000000000023e+01
1.138936999999999955e+01
1.140139800000000037e+01
1.141301600000000072e+01
1.142547399999999946e+01
1.143744000000000050e+01
1.145058500000000024e+01
1.146213799999999949e+01
1.147485400000000055e+01
1.148506700000000080e+01
1.149716899999999953e+01
1.150944600000000051e+01
1.152240699999999940e+01
1.153500400000000070e+01
1.154775099999999988e+01
1.156040800000000068e+01
1.157242199999999954e+01
1.158511000000000024e+01
1.159679299999999991e+01
1.160906699999999958e+01
1.162112899999999982e+01
1.163236099999999951e+01
1.164458800000000060e+01
1.165656800000000004e+01
1.166837699999999955e+01
1.168041799999999952e+01
1.169252400000000058e+01
1.170339700000000072e+01
1.171497699999999931e+01
1.172664200000000001e+01
1.173886700000000083e+01
1.175142100000000056e+01
1.176296499999999945e+01
1.177595400000000048e+01
1.178684800000000088e+01
1.179917799999999950e+01
1.181123900000000049e+01
1.182281200000000076e+01
1.183482200000000084e+01
1.184674300000000002e+01
1.185756100000000046e+01
1.186935800000000008e+01
1.188090900000000083e+01
1.189325200000000038e+01
1.190496399999999966e+01
1.191710999999999920e+01
1.192925999999999931e+01
1.194057300000000055e+01
1.195168499999999945e+01
1.196221800000000002e+01
1.197357399999999927e+01
1.198531700000000022e+01
1.199828499999999920e+01
1.200878600000000063e+01
1.202118499999999912e+01
1.203389199999999981e+01
1.204510800000000081e+01
1.205641400000000019e+01
1.206870800000000088e+01
1.207914899999999925e+01
1.209093799999999952e+01
1.210218399999999939e+01
1.211445600000000056e+01
1.212584400000000073e+01
1.213630599999999937e+01
1.214757099999999923e+01
1.215874999999999950e+01
1.216972699999999996e+01
1.218048199999999959e+01
1.219159600000000054e+01
1.220284999999999975e+01
1.221397799999999911e+01
1.222591300000000025e+01
1.223731899999999939e+01
1.224858099999999972e+01
1.225941599999999987e+01
1.226994000000000007e+01
1.228069200000000016e+01
1.229160399999999953e+01
1.230275199999999991e+01
1.231426399999999965e+01
1.232509800000000055e+01
1.233572299999999977e+01
1.234737400000000029e+01
1.235915600000000047e+01
1.237043399999999949e+01
1.238274200000000036e+01
1.239309699999999914e+01
1.240326699999999960e+01
1.241396400000000000e+01
1.242355099999999979e+01
1.243301600000000029e+01
1.244408999999999921e+01
1.245384899999999995e+01
1.246475500000000025e+01
1.247500199999999992e+01
1.248657299999999992e+01
1.249732099999999946e+01
1.250629400000000047e+01
1.251745200000000047e+01
1.252764200000000017e+01
1.253995100000000029e+01
1.255139899999999997e+01
1.256344499999999975e+01
1.257366400000000084e+01
1.258390099999999912e+01
1.259342499999999987e+01
1.260400199999999948e+01
1.261322400000000066e+01
1.262345099999999931e+01
1.263465700000000069e+01
1.264500300000000088e+01
1.265527400000000036e+01
1.266580000000000084e+01
1.267695699999999981e+01
1.268745900000000049e+01
1.269642999999999944e+01
1.270645999999999987e+01
1.271694199999999952e+01
1.272592599999999941e+01
1.273661199999999916e+01
1.274761999999999951e+01
1.275723699999999994e+01
1.276692099999999996e+01
1.277728699999999940e+01
1.278721999999999959e+01
1.279714099999999988e+01
1.280669900000000005e+01
1.281717100000000009e+01
1.282793200000000056e+01
1.283885399999999954e+01
1.284935499999999919e+01
1.285960599999999943e+01
1.286879599999999968e+01
1.288073600000000063e+01
1.289072200000000024e+01
1.290034700000000001e+01
1.291079599999999949e+01
1.292048800000000064e+01
1.292928799999999967e+01
1.293978099999999998e+01
1.295021400000000078e+01
1.296114200000000061e+01
1.297088399999999986e+01
1.298198900000000044e+01
1.299091400000000007e+01
1.300018000000000029e+01
1.301084600000000080e+01
1.302077899999999921e+01
1.302931199999999912e+01
1.303826399999999985e+01
1.304744600000000077e+01
1.305677900000000058e+01
1.306606700000000032e+01
1.307556199999999968e+01
1.308459200000000067e+01
1.309346900000000069e+01
1.310320500000000088e+01
1.311369000000000007e+01
1.312380699999999933e+01
1.313362900000000089e+01
1.314387100000000075e+01
1.315326100000000054e+01
1.316256599999999999e+01
1.317353300000000083e+01
1.318332099999999940e+01
1.319273399999999974e+01
1.320172900000000027e+01
1.321225800000000028e+01
1.322147400000000061e+01
1.323141999999999996e+01
1.324156299999999931e+01
1.325116300000000003e+01
1.326076600000000028e+01
1.327076600000000006e+01
1.327911199999999958e+01
1.328929499999999919e+01
1.329999899999999968e+01
1.330913800000000080e+01
1.331861600000000045e+01
1.332825000000000060e+01
1.333745399999999925e+01
1.334696300000000058e+01
1.335585500000000003e+01
1.336383900000000047e+01
1.337259099999999989e+01
1.338214100000000073e+01
1.339165999999999990e+01
1.340138999999999925e+01
1.341079599999999949e+01
1.342144099999999973e+01
1.342993799999999993e+01
1.343848700000000029e+01
1.344873300000000071e+01
1.345736600000000038e+01
1.346646900000000002e+01
1.347614399999999968e+01
1.348565800000000081e+01
1.349526200000000031e+01
1.350589000000000084e+01
1.351444599999999951e+01
1.352355700000000027e+01
1.353237099999999948e+01
1.354031999999999947e+01
1.354954999999999998e+01
1.355851599999999912e+01
1.356839500000000065e+01
1.357774200000000064e+01
1.358722299999999983e+01
1.359664599999999979e+01
1.360574300000000036e+01
1.361572699999999969e+01
1.362501600000000046e+01
1.363410299999999964e+01
1.364335499999999968e+01
1.365299500000000066e+01
1.366222100000000061e+01
1.366969800000000035e+01
1.367817200000000000e+01
1.368664899999999918e+01
1.369606600000000007e+01
1.370540399999999970e+01
1.371510699999999972e+01
1.372466400000000064e+01
1.373239799999999988e+01
1.374108400000000074e+01
1.375281200000000048e+01
1.376204800000000006e+01
1.377141899999999985e+01
1.377860300000000038e+01
1.378846099999999986e+01
1.379662199999999928e+01
1.380575499999999955e+01
1.381468800000000030e+01
1.382384899999999917e+01
1.383281200000000055e+01
1.384087300000000020e+01
1.384874199999999966e+01
1.385754799999999953e+01
1.386608900000000055e+01
1.387411299999999947e+01
1.388435699999999962e+01
1.389196399999999976e+01
1.390033400000000086e+01
1.390923500000000068e+01
1.391884399999999999e+01
1.392697300000000027e+01
1.393461600000000011e+01
1.394454900000000031e+01
1.395261400000000052e+01
1.396217399999999920e+01
1.397151400000000088e+01
1.398154300000000028e+01
1.399058999999999919e+01
1.399982100000000074e+01
1.400854600000000083e+01
1.401724399999999982e+01
1.402631500000000031e+01
1.403436300000000081e+01
1.404323600000000027e+01
1.405132000000000048e+01
1.405997799999999920e+01
