0.000000000000000000e+00
1.072599999999999942e-02
1.324400000000000056e-02
2.053500000000000117e-02
2.864399999999999932e-02
3.751100000000000267e-02
4.654599999999999710e-02
5.560199999999999865e-02
6.486599999999999311e-02
7.428600000000000481e-02
8.375399999999999512e-02
9.314600000000000657e-02
1.031510000000000066e-01
1.123989999999999989e-01
1.226219999999999949e-01
1.325739999999999974e-01
1.424090000000000078e-01
1.511510000000000076e-01
1.610830000000000040e-01
1.701709999999999889e-01
1.802179999999999893e-01
1.900679999999999870e-01
1.986680000000000113e-01
2.074370000000000103e-01
2.177520000000000011e-01
2.278159999999999907e-01
2.372950000000000059e-01
2.468120000000000036e-01
2.558750000000000191e-01
2.646149999999999891e-01
2.747180000000000177e-01
2.841049999999999964e-01
2.942569999999999908e-01
3.035089999999999733e-01
3.130459999999999909e-01
3.240020000000000122e-01
3.336549999999999794e-01
3.441389999999999727e-01
3.544970000000000065e-01
3.634339999999999793e-01
3.722989999999999911e-01
3.822189999999999754e-01
3.902050000000000241e-01
4.004539999999999766e-01
4.093390000000000084e-01
4.192080000000000251e-01
4.291650000000000187e-01
4.394870000000000165e-01
4.488929999999999865e-01
4.594940000000000135e-01
4.686540000000000150e-01
4.767580000000000151e-01
4.860530000000000128e-01
4.960260000000000224e-01
5.054530000000000411e-01
5.159650000000000070e-01
5.256150000000000544e-01
5.355379999999999585e-01
5.472879999999999967e-01
5.565849999999999964e-01
5.653599999999999737e-01
5.737149999999999750e-01
5.831469999999999709e-01
5.932870000000000088e-01
6.021100000000000341e-01
6.128050000000000441e-01
6.234239999999999782e-01
6.309590000000000476e-01
6.427629999999999733e-01
6.524870000000000392e-01
6.641489999999999894e-01
6.746299999999999519e-01
6.847459999999999658e-01
6.946059999999999457e-01
7.043949999999999934e-01
7.148579999999999934e-01
7.256829999999999670e-01
7.378850000000000131e-01
7.488029999999999964e-01
7.573710000000000164e-01
7.662740000000000107e-01
7.743670000000000275e-01
7.838190000000000435e-01
7.911660000000000359e-01
8.012770000000000170e-01
8.128499999999999615e-01
8.230910000000000171e-01
8.299119999999999830e-01
8.421980000000000022e-01
8.524420000000000330e-01
8.629609999999999781e-01
8.730120000000000102e-01
8.827009999999999579e-01
8.930599999999999650e-01
9.021860000000000435e-01
9.116800000000000459e-01
9.206889999999999796e-01
9.319399999999999906e-01
9.421890000000000542e-01
9.518529999999999491e-01
9.642939999999999845e-01
9.749349999999999961e-01
9.852670000000000039e-01
9.943419999999999481e-01
1.001533999999999924e+00
1.008941000000000088e+00
1.016720999999999986e+00
1.028340999999999950e+00
1.035957999999999934e+00
1.045476999999999990e+00
1.053835000000000077e+00
1.063663999999999943e+00
1.075183000000000000e+00
1.085850999999999900e+00
1.095239000000000074e+00
1.104357000000000033e+00
1.111558000000000046e+00
1.119528999999999996e+00
1.129126000000000074e+00
1.136123999999999912e+00
1.145496999999999987e+00
1.155048999999999992e+00
1.164639999999999898e+00
1.177882000000000096e+00
1.188083000000000000e+00
1.195565999999999907e+00
1.206242000000000036e+00
1.214499999999999913e+00
1.224342000000000041e+00
1.231862999999999930e+00
1.241892999999999914e+00
1.253768999999999911e+00
1.265806999999999904e+00
1.278923000000000032e+00
1.289504999999999901e+00
1.299160000000000093e+00
1.309088000000000029e+00
1.318116000000000065e+00
1.325461999999999918e+00
1.335490999999999984e+00
1.346184999999999965e+00
1.356938999999999895e+00
1.366103999999999985e+00
1.376071999999999962e+00
1.386787999999999910e+00
1.395118999999999998e+00
1.406436000000000019e+00
1.415014999999999912e+00
1.424598999999999949e+00
1.433488000000000095e+00
1.445333999999999897e+00
1.457570999999999950e+00
1.468055000000000110e+00
1.477205000000000101e+00
1.486955000000000027e+00
1.500685999999999964e+00
1.510721999999999898e+00
1.521633999999999931e+00
1.529061000000000003e+00
1.539870999999999990e+00
1.551322000000000090e+00
1.564016999999999991e+00
1.571015999999999968e+00
1.578114000000000017e+00
1.587088999999999972e+00
1.596830999999999889e+00
1.608236999999999917e+00
1.618733999999999895e+00
1.631192999999999893e+00
1.642322999999999977e+00
1.655637000000000025e+00
1.664344999999999963e+00
1.671845000000000026e+00
1.684136999999999995e+00
1.696136000000000088e+00
1.707743999999999929e+00
1.716869999999999896e+00
1.724858999999999920e+00
1.731864999999999988e+00
1.741079000000000043e+00
1.746367000000000003e+00
1.755155999999999938e+00
1.762202999999999964e+00
1.774977999999999945e+00
1.784415000000000084e+00
1.793884000000000034e+00
1.805987000000000009e+00
1.816440000000000055e+00
1.826473999999999931e+00
1.837167999999999912e+00
1.851804000000000006e+00
1.861988999999999894e+00
1.871377999999999986e+00
1.880298000000000025e+00
1.888557000000000041e+00
1.900495999999999963e+00
1.909318999999999988e+00
1.922133000000000091e+00
1.931918999999999942e+00
1.937373999999999929e+00
1.947237000000000107e+00
1.955138999999999960e+00
1.967335999999999974e+00
1.978417000000000092e+00
1.985400000000000054e+00
1.993049000000000071e+00
2.005736999999999881e+00
2.015578000000000092e+00
2.023416999999999799e+00
2.031048999999999882e+00
2.042864999999999931e+00
2.047492999999999785e+00
2.057694999999999830e+00
2.068759000000000015e+00
2.078352999999999895e+00
2.091302000000000216e+00
2.103253000000000039e+00
2.112090999999999941e+00
2.121621000000000201e+00
2.134428000000000214e+00
2.145941999999999794e+00
2.156582000000000221e+00
2.167997000000000174e+00
2.176180000000000003e+00
2.184651999999999816e+00
2.194110999999999922e+00
2.200546999999999809e+00
2.207796000000000092e+00
2.218024999999999913e+00
2.225865999999999900e+00
2.233683000000000085e+00
2.240864000000000189e+00
2.251316999999999791e+00
2.259498999999999924e+00
2.270614999999999828e+00
2.277057999999999804e+00
2.288904000000000050e+00
2.299028999999999989e+00
2.307510999999999868e+00
2.316310000000000091e+00
2.323299000000000003e+00
2.333143999999999885e+00
2.343071999999999822e+00
2.352621000000000073e+00
2.358036999999999939e+00
2.367046000000000205e+00
2.377839999999999954e+00
2.387694999999999901e+00
2.396059000000000161e+00
2.405645999999999951e+00
2.415894000000000208e+00
2.428701000000000221e+00
2.442774000000000001e+00
2.450934000000000168e+00
2.460935999999999790e+00
2.471426999999999818e+00
2.479502999999999791e+00
2.490320999999999785e+00
2.499690999999999885e+00
2.510447999999999791e+00
2.519714000000000009e+00
2.527474999999999916e+00
2.532594000000000012e+00
2.545158999999999949e+00
2.552067000000000085e+00
2.565138999999999836e+00
2.576890999999999821e+00
2.583771000000000040e+00
2.594558999999999838e+00
2.602138000000000062e+00
2.609952999999999967e+00
2.619048999999999960e+00
2.627860999999999780e+00
2.636319999999999997e+00
2.650107000000000212e+00
2.658939999999999859e+00
2.668067999999999884e+00
2.679905000000000204e+00
2.690395000000000092e+00
2.701557999999999904e+00
2.709957000000000171e+00
2.724346000000000156e+00
2.731675000000000075e+00
2.737852999999999870e+00
2.750458000000000069e+00
2.758947000000000038e+00
2.768914999999999793e+00
2.779440000000000133e+00
2.792683999999999944e+00
2.799587999999999965e+00
2.805779999999999941e+00
2.813531999999999922e+00
2.822267000000000081e+00
2.831405999999999867e+00
2.840968999999999856e+00
2.855516000000000165e+00
2.860578999999999983e+00
2.870368000000000031e+00
2.884863999999999873e+00
2.897059000000000051e+00
2.908097999999999850e+00
2.919852999999999810e+00
2.934235999999999844e+00
2.944256000000000206e+00
2.960214000000000123e+00
2.969266999999999879e+00
2.979080999999999868e+00
2.988198999999999828e+00
2.997272000000000158e+00
3.007696000000000147e+00
3.016105000000000036e+00
3.024756000000000000e+00
3.035445999999999867e+00
3.045488999999999891e+00
3.054733999999999838e+00
3.067363999999999979e+00
3.077188000000000034e+00
3.085920999999999914e+00
3.097701999999999956e+00
3.109780000000000211e+00
3.121144000000000140e+00
3.131601999999999997e+00
3.147801999999999989e+00
3.156867999999999785e+00
3.164311000000000096e+00
3.172835000000000072e+00
3.183764000000000038e+00
3.192616000000000120e+00
3.205708000000000002e+00
3.211371000000000198e+00
3.224061999999999983e+00
3.232245999999999952e+00
3.242290000000000116e+00
3.250217999999999829e+00
3.263066999999999940e+00
3.273112999999999939e+00
3.280231999999999815e+00
3.292132000000000058e+00
3.303837000000000135e+00
3.314868999999999843e+00
3.327043000000000195e+00
3.333705000000000140e+00
3.342302000000000106e+00
3.349544999999999995e+00
3.359153000000000056e+00
3.365813000000000166e+00
3.377536000000000094e+00
3.382016999999999829e+00
3.393572999999999951e+00
3.405187999999999882e+00
3.413235999999999937e+00
3.423157999999999923e+00
3.431118000000000112e+00
3.440212999999999965e+00
3.445637000000000061e+00
3.454473999999999823e+00
3.461413999999999991e+00
3.469775999999999971e+00
3.480757000000000101e+00
3.488614999999999799e+00
3.497399000000000147e+00
3.507925000000000182e+00
3.514298999999999840e+00
3.522733000000000114e+00
3.528620999999999786e+00
3.539067000000000185e+00
3.547728000000000215e+00
3.558936000000000099e+00
3.572105999999999781e+00
3.579914000000000041e+00
3.591530000000000111e+00
3.599890999999999952e+00
3.609412999999999982e+00
3.616884000000000210e+00
3.626757000000000009e+00
3.636026000000000202e+00
3.644273999999999791e+00
3.658087999999999784e+00
3.670958999999999861e+00
3.684397000000000144e+00
3.696098000000000106e+00
3.705150000000000166e+00
3.714052999999999827e+00
3.722507999999999928e+00
3.732155000000000111e+00
3.743567000000000089e+00
3.757391999999999843e+00
3.767325000000000035e+00
3.780978999999999868e+00
3.789368000000000070e+00
3.799459000000000142e+00
3.815808000000000089e+00
3.830633000000000177e+00
3.841293999999999986e+00
3.848546999999999940e+00
3.857612000000000041e+00
3.867144000000000137e+00
3.879309999999999814e+00
3.881955000000000044e+00
3.889237000000000055e+00
3.899872999999999923e+00
3.911566999999999794e+00
3.916345000000000187e+00
3.929116000000000053e+00
3.938177000000000039e+00
3.950660000000000061e+00
3.959433000000000202e+00
3.971300999999999970e+00
3.983938000000000201e+00
3.992131999999999792e+00
4.010799999999999699e+00
4.021474000000000437e+00
4.028850000000000264e+00
4.035959000000000074e+00
4.045948000000000100e+00
4.057890999999999693e+00
4.071400999999999826e+00
4.078960999999999615e+00
4.089766000000000012e+00
4.103504000000000040e+00
4.116158000000000428e+00
4.123796999999999713e+00
4.137885999999999953e+00
4.148937000000000097e+00
4.157829000000000441e+00
4.169152999999999665e+00
4.184535000000000338e+00
4.192173999999999623e+00
4.194617000000000040e+00
4.204587000000000074e+00
4.215468999999999689e+00
4.224482000000000070e+00
4.232224999999999682e+00
4.246916999999999831e+00
4.257757999999999932e+00
4.269929999999999559e+00
4.288467999999999947e+00
4.295695000000000263e+00
4.306570999999999927e+00
4.318303000000000225e+00
4.325032000000000210e+00
4.332701000000000136e+00
4.340753999999999557e+00
4.348765000000000214e+00
4.363686999999999649e+00
4.372537000000000340e+00
4.381656000000000439e+00
4.389829999999999899e+00
4.401443000000000438e+00
4.416034999999999933e+00
4.425863999999999798e+00
4.438026999999999944e+00
4.443106000000000222e+00
4.448419000000000345e+00
4.456476999999999578e+00
4.463474999999999859e+00
4.470127999999999879e+00
4.479912999999999812e+00
4.481971999999999845e+00
4.493074000000000012e+00
4.505956000000000294e+00
4.515594000000000108e+00
4.526012999999999842e+00
4.529872000000000121e+00
4.538777999999999757e+00
4.548134000000000121e+00
4.559721999999999831e+00
4.575117999999999796e+00
4.582849999999999646e+00
4.593226999999999727e+00
4.603225000000000122e+00
4.613503999999999827e+00
4.621630999999999823e+00
4.634431000000000189e+00
4.642265000000000086e+00
4.655564000000000036e+00
4.663772999999999946e+00
4.676855999999999902e+00
4.688848000000000127e+00
4.697225000000000428e+00
4.712011999999999645e+00
4.724745000000000417e+00
4.733598999999999890e+00
4.742122000000000170e+00
4.754038999999999682e+00
4.766391999999999740e+00
4.774086999999999748e+00
4.784099000000000323e+00
4.797727000000000075e+00
4.802086000000000077e+00
4.812541000000000402e+00
4.819946999999999981e+00
4.835935000000000095e+00
4.849021999999999721e+00
4.857575999999999894e+00
4.864525000000000432e+00
4.877105000000000246e+00
4.882991999999999777e+00
4.887597999999999665e+00
4.893428000000000111e+00
4.904950000000000365e+00
4.916222999999999566e+00
4.931909000000000098e+00
4.943994000000000000e+00
4.949201999999999657e+00
4.957142000000000159e+00
4.965958999999999790e+00
4.972151000000000209e+00
4.979538999999999938e+00
4.987099999999999866e+00
4.996679000000000315e+00
5.006369000000000291e+00
5.014139000000000124e+00
5.020965999999999596e+00
5.031681999999999988e+00
5.037984999999999935e+00
5.050387999999999877e+00
5.058516000000000012e+00
5.070090999999999681e+00
5.078558000000000128e+00
5.091804999999999914e+00
5.099527000000000143e+00
5.107256999999999714e+00
5.117259999999999920e+00
5.128218000000000387e+00
5.136574999999999669e+00
5.146124000000000365e+00
5.155406000000000155e+00
5.170495999999999981e+00
5.184034999999999727e+00
5.192980999999999625e+00
5.199578999999999951e+00
5.210517000000000287e+00
5.220190999999999804e+00
5.231290999999999691e+00
5.243497999999999770e+00
5.254633000000000109e+00
5.269781000000000049e+00
5.282175999999999760e+00
5.292206000000000188e+00
5.303313000000000166e+00
5.314587000000000394e+00
5.316624000000000017e+00
5.328089000000000297e+00
5.335407000000000011e+00
5.344144000000000005e+00
5.354060999999999737e+00
5.364571999999999896e+00
5.378936999999999635e+00
5.391727000000000380e+00
5.397504999999999775e+00
5.403070999999999735e+00
5.415446000000000204e+00
5.423880999999999730e+00
5.426406000000000063e+00
5.429458999999999591e+00
5.444174000000000291e+00
5.453672000000000075e+00
5.467546999999999713e+00
5.478979999999999961e+00
5.488127000000000422e+00
5.497258999999999673e+00
5.512204999999999799e+00
5.524090000000000167e+00
5.536188000000000109e+00
5.547289000000000136e+00
5.550563000000000358e+00
5.558309000000000388e+00
5.567720999999999698e+00
5.578102000000000338e+00
5.588613999999999749e+00
5.601092000000000404e+00
5.612757000000000218e+00
5.621418000000000248e+00
5.632937000000000083e+00
5.644048999999999872e+00
5.649326000000000292e+00
5.662227999999999817e+00
5.668396000000000434e+00
5.681962000000000401e+00
5.690685000000000215e+00
5.701702000000000048e+00
5.707114999999999938e+00
5.720041000000000153e+00
5.726839000000000013e+00
5.741011999999999560e+00
5.752364000000000033e+00
5.761753999999999820e+00
5.771968000000000210e+00
5.779361999999999888e+00
5.788367000000000040e+00
5.793300000000000338e+00
5.797977000000000380e+00
5.807695999999999970e+00
5.822074999999999889e+00
5.829589999999999606e+00
5.835255000000000081e+00
5.850353000000000137e+00
5.863557000000000130e+00
5.864971999999999852e+00
