0.000000000000000000e+00
2.744399999999999964e-02
1.236899999999999979e-02
1.596200000000000049e-02
2.285299999999999832e-02
2.994300000000000087e-02
3.676499999999999907e-02
4.580499999999999849e-02
5.587099999999999705e-02
6.465100000000000013e-02
7.206700000000000605e-02
8.032400000000000651e-02
8.877799999999999581e-02
9.698900000000000576e-02
1.040500000000000036e-01
1.125099999999999989e-01
1.239600000000000007e-01
1.324760000000000104e-01
1.417239999999999889e-01
1.521820000000000117e-01
1.601760000000000128e-01
1.687379999999999991e-01
1.771629999999999872e-01
1.866470000000000073e-01
1.939339999999999953e-01
2.023959999999999926e-01
2.119920000000000138e-01
2.191160000000000052e-01
2.276050000000000018e-01
2.366790000000000005e-01
2.444070000000000131e-01
2.530169999999999919e-01
2.622059999999999946e-01
2.694139999999999868e-01
2.806210000000000093e-01
2.878789999999999960e-01
2.974319999999999742e-01
3.060280000000000222e-01
3.131070000000000242e-01
3.227869999999999906e-01
3.339349999999999818e-01
3.414139999999999953e-01
3.506819999999999937e-01
3.587529999999999886e-01
3.692420000000000146e-01
3.778650000000000064e-01
3.851780000000000204e-01
3.954969999999999875e-01
4.015619999999999745e-01
4.121360000000000023e-01
4.218029999999999835e-01
4.302869999999999751e-01
4.371189999999999798e-01
4.446049999999999724e-01
4.507669999999999733e-01
4.605750000000000122e-01
4.715590000000000059e-01
4.783740000000000214e-01
4.861820000000000030e-01
4.962989999999999902e-01
5.059700000000000308e-01
5.180090000000000527e-01
5.252329999999999499e-01
5.376419999999999533e-01
5.442270000000000163e-01
5.515250000000000430e-01
5.609370000000000189e-01
5.693700000000000427e-01
5.761779999999999680e-01
5.869560000000000333e-01
5.951520000000000143e-01
6.039989999999999526e-01
6.156490000000000018e-01
6.255730000000000457e-01
6.353849999999999776e-01
6.493949999999999445e-01
6.605849999999999778e-01
6.704909999999999481e-01
6.794759999999999689e-01
6.868429999999999813e-01
6.997849999999999904e-01
7.100769999999999582e-01
7.166639999999999677e-01
7.227959999999999940e-01
7.392389999999999795e-01
7.485939999999999817e-01
7.575199999999999712e-01
7.644229999999999636e-01
7.694239999999999968e-01
7.824550000000000116e-01
7.891059999999999741e-01
7.985619999999999941e-01
8.108999999999999542e-01
8.178980000000000139e-01
8.215010000000000367e-01
8.332349999999999479e-01
8.406749999999999501e-01
8.545709999999999695e-01
8.639909999999999535e-01
8.744110000000000493e-01
8.803809999999999691e-01
8.907929999999999460e-01
9.015360000000000040e-01
9.124630000000000241e-01
9.205119999999999969e-01
9.273299999999999876e-01
9.352350000000000385e-01
9.458889999999999798e-01
9.552289999999999948e-01
9.611509999999999776e-01
9.751940000000000053e-01
9.797160000000000313e-01
9.940849999999999964e-01
1.001724000000000059e+00
1.013549000000000033e+00
1.023541000000000034e+00
1.035007999999999928e+00
1.046508999999999912e+00
1.055115999999999943e+00
1.062613000000000030e+00
1.070063999999999904e+00
1.080986000000000002e+00
1.094157000000000046e+00
1.102286000000000099e+00
1.114438000000000040e+00
1.125240000000000018e+00
1.134203999999999990e+00
1.140851999999999977e+00
1.148546999999999985e+00
1.156083999999999889e+00
1.170624000000000109e+00
1.186619000000000090e+00
1.192026000000000030e+00
1.195851999999999915e+00
1.204626999999999892e+00
1.208306000000000102e+00
1.217009000000000007e+00
1.229281999999999986e+00
1.238350000000000062e+00
1.244035000000000002e+00
1.254064000000000068e+00
1.259036999999999962e+00
1.273131999999999930e+00
1.285060000000000091e+00
1.293501999999999930e+00
1.299198999999999993e+00
1.309944999999999915e+00
1.318661000000000083e+00
1.326135999999999981e+00
1.331763000000000030e+00
1.343215999999999966e+00
1.350168999999999953e+00
1.359507000000000021e+00
1.368475000000000108e+00
1.372578999999999994e+00
1.382190000000000030e+00
1.389521999999999924e+00
1.395693000000000072e+00
1.409955000000000069e+00
1.416765999999999970e+00
1.425826000000000038e+00
1.430749999999999966e+00
1.442569999999999908e+00
1.449143999999999988e+00
1.460779000000000050e+00
1.478067999999999937e+00
1.485109999999999930e+00
1.492275999999999936e+00
1.499703999999999926e+00
1.503929999999999989e+00
1.517706000000000000e+00
1.534378000000000020e+00
1.544683999999999946e+00
1.550861000000000045e+00
1.555334999999999912e+00
1.565635000000000110e+00
1.572827999999999893e+00
1.579293000000000058e+00
1.582837999999999967e+00
1.596017999999999937e+00
1.609083000000000041e+00
1.619591999999999921e+00
1.630298999999999943e+00
1.645100000000000007e+00
1.648714999999999931e+00
1.658047000000000049e+00
1.673894999999999911e+00
1.681978999999999891e+00
1.692623999999999906e+00
1.704156999999999922e+00
1.710455999999999976e+00
1.714350999999999958e+00
1.725410000000000110e+00
1.736623999999999945e+00
1.743841999999999892e+00
1.754261999999999988e+00
1.764755000000000074e+00
1.775573999999999986e+00
1.780667000000000000e+00
1.791204999999999936e+00
1.802878999999999898e+00
1.809161999999999937e+00
1.819658999999999915e+00
1.825485999999999942e+00
1.832664999999999988e+00
1.840376999999999930e+00
1.845790999999999960e+00
1.857733999999999996e+00
1.863482000000000083e+00
1.871285000000000087e+00
1.878117999999999954e+00
1.893108999999999931e+00
1.905945999999999918e+00
1.917748000000000008e+00
1.928458999999999923e+00
1.937497000000000025e+00
1.949022000000000032e+00
1.955278000000000072e+00
1.969661000000000106e+00
1.976364000000000010e+00
1.987813999999999970e+00
1.989546000000000037e+00
2.006139999999999812e+00
2.018955000000000055e+00
2.027241000000000071e+00
2.038251999999999953e+00
2.050549999999999873e+00
2.063054999999999861e+00
2.079617999999999967e+00
2.081679999999999975e+00
2.096756000000000064e+00
2.114517999999999898e+00
2.121185000000000098e+00
2.124976000000000198e+00
2.139870999999999857e+00
2.152029999999999887e+00
2.162716999999999778e+00
2.170675999999999828e+00
2.186341000000000090e+00
2.202434999999999921e+00
2.212724000000000135e+00
2.216622999999999788e+00
2.224765000000000104e+00
2.239667999999999992e+00
2.245465999999999962e+00
2.251625999999999905e+00
2.266541999999999835e+00
2.271043999999999841e+00
2.285951999999999984e+00
2.293054999999999843e+00
2.303650999999999893e+00
2.321994000000000113e+00
2.327538999999999803e+00
2.335510000000000197e+00
2.343982000000000010e+00
2.357908000000000115e+00
2.368716000000000044e+00
2.378372999999999848e+00
2.384498999999999924e+00
2.392767999999999784e+00
2.400866999999999862e+00
2.409459000000000017e+00
2.413314999999999877e+00
2.413937999999999917e+00
2.426244000000000067e+00
2.431341999999999892e+00
2.432539999999999925e+00
2.443705000000000016e+00
2.446101000000000081e+00
2.454863000000000017e+00
2.471935000000000215e+00
2.484315000000000051e+00
2.501707000000000125e+00
2.504462000000000188e+00
2.523004999999999942e+00
2.526167000000000051e+00
2.538504000000000094e+00
2.547495000000000065e+00
2.560474999999999834e+00
2.573824000000000112e+00
2.589904999999999902e+00
2.594062999999999786e+00
2.595026999999999973e+00
2.607035999999999909e+00
2.623578000000000188e+00
2.637831999999999955e+00
2.644220999999999933e+00
2.652792999999999957e+00
2.662706000000000017e+00
2.673957999999999835e+00
2.688668999999999976e+00
2.698409999999999975e+00
2.706986999999999810e+00
2.721716999999999942e+00
2.732038000000000189e+00
2.743269000000000180e+00
2.743409999999999904e+00
2.757232999999999823e+00
2.768383000000000038e+00
2.782554000000000194e+00
2.791891000000000123e+00
2.802423000000000108e+00
2.810575000000000045e+00
2.830773999999999901e+00
2.843188000000000049e+00
2.855900999999999801e+00
2.877140999999999948e+00
2.889832000000000178e+00
2.898591999999999835e+00
2.904161999999999910e+00
2.914155000000000051e+00
2.926163999999999987e+00
2.934403000000000095e+00
2.944586000000000148e+00
2.951556000000000068e+00
2.951982000000000106e+00
2.966864000000000168e+00
2.983915000000000095e+00
2.990057999999999883e+00
3.000862000000000140e+00
3.011750000000000149e+00
3.022685000000000066e+00
3.032134999999999803e+00
3.043594999999999828e+00
3.056941000000000130e+00
3.059641000000000055e+00
3.066825999999999830e+00
3.075982999999999912e+00
3.087887999999999966e+00
3.092191000000000134e+00
3.101083000000000034e+00
3.106930000000000192e+00
3.113685999999999954e+00
3.121366999999999781e+00
3.133560000000000123e+00
3.147743999999999875e+00
3.158529999999999838e+00
3.167968999999999813e+00
3.178520999999999930e+00
3.191606000000000165e+00
3.205360000000000209e+00
3.213051000000000101e+00
3.230598000000000081e+00
3.240905999999999842e+00
3.255628000000000188e+00
3.269085000000000019e+00
3.270271999999999846e+00
3.275640000000000107e+00
3.296336999999999851e+00
3.306146000000000029e+00
3.317069000000000045e+00
3.322378000000000053e+00
3.333054000000000183e+00
3.337687999999999988e+00
3.343551999999999857e+00
3.357342000000000048e+00
3.361613999999999880e+00
3.368759999999999977e+00
3.373133999999999855e+00
3.385095000000000187e+00
3.389702999999999911e+00
3.396777000000000157e+00
3.403579000000000132e+00
3.420939000000000174e+00
3.429351000000000038e+00
3.434350999999999932e+00
3.443016000000000076e+00
3.444517999999999969e+00
3.459150999999999865e+00
3.466540000000000177e+00
3.484954999999999803e+00
3.502317000000000125e+00
3.520176999999999889e+00
3.528830999999999829e+00
3.548239999999999839e+00
3.559953999999999841e+00
3.569224000000000174e+00
3.588985000000000092e+00
3.598145999999999844e+00
3.610246000000000066e+00
3.623568000000000122e+00
3.628067000000000153e+00
3.651485000000000092e+00
3.648099999999999898e+00
3.655015999999999821e+00
3.659650000000000070e+00
3.680938999999999961e+00
3.695783000000000040e+00
3.712267999999999901e+00
3.731485000000000163e+00
3.739094999999999835e+00
3.749017999999999962e+00
3.757058999999999926e+00
3.769696999999999854e+00
3.769931999999999839e+00
3.764254000000000211e+00
3.762976999999999794e+00
3.765533000000000019e+00
3.775555999999999912e+00
3.783497999999999806e+00
3.793467999999999840e+00
3.817899000000000154e+00
3.823007000000000044e+00
3.829291000000000000e+00
3.842344000000000204e+00
3.872475999999999807e+00
3.891725000000000101e+00
3.910330000000000084e+00
3.917424000000000017e+00
3.930280000000000218e+00
3.934127000000000152e+00
3.948278999999999872e+00
3.971036999999999928e+00
3.983953000000000078e+00
3.997667999999999999e+00
4.003829999999999778e+00
4.003382000000000218e+00
4.008356000000000030e+00
4.023986999999999981e+00
4.049006000000000327e+00
4.060283000000000087e+00
4.071917000000000009e+00
4.090945999999999749e+00
4.100935999999999915e+00
4.102819000000000216e+00
4.105037000000000269e+00
4.122936000000000156e+00
4.140732999999999997e+00
4.161875000000000213e+00
4.173104999999999620e+00
4.182466999999999935e+00
4.199601999999999613e+00
4.208581999999999823e+00
4.220470999999999862e+00
4.238036000000000136e+00
4.248077000000000325e+00
4.254393999999999565e+00
4.265285999999999689e+00
4.274835000000000385e+00
4.283269999999999911e+00
4.282898999999999567e+00
4.288126000000000104e+00
4.300400999999999918e+00
4.305280999999999914e+00
4.323150000000000048e+00
4.334483999999999781e+00
4.343485000000000262e+00
4.367161000000000293e+00
4.378337000000000145e+00
4.377081999999999695e+00
4.379941999999999780e+00
4.402631999999999657e+00
4.414341000000000292e+00
4.421381000000000228e+00
4.430898000000000003e+00
4.436346999999999596e+00
4.442769000000000190e+00
4.436856999999999829e+00
4.456643999999999828e+00
4.463778999999999719e+00
4.479360999999999926e+00
4.481340000000000323e+00
4.486568000000000112e+00
4.503254000000000090e+00
4.518117000000000161e+00
4.525319999999999787e+00
4.534919999999999618e+00
4.545331000000000010e+00
4.556760999999999839e+00
4.571881999999999557e+00
4.573404000000000025e+00
4.581008999999999887e+00
4.586132000000000097e+00
4.592508999999999730e+00
4.602390999999999899e+00
4.606683999999999557e+00
4.624769999999999825e+00
4.623184000000000182e+00
4.632337999999999845e+00
4.636610000000000120e+00
4.647115999999999580e+00
4.651388999999999996e+00
4.666255999999999737e+00
4.673530000000000406e+00
4.676929000000000336e+00
4.680460000000000065e+00
4.700177000000000049e+00
4.703500000000000014e+00
4.710567000000000171e+00
4.722933000000000270e+00
4.737421000000000326e+00
4.736082999999999821e+00
4.743748000000000076e+00
4.758790000000000298e+00
4.767650999999999861e+00
4.758353999999999751e+00
4.772979999999999556e+00
4.777427000000000312e+00
4.792870999999999881e+00
4.804014999999999702e+00
4.814284999999999926e+00
4.830015999999999643e+00
4.838739999999999597e+00
4.853994000000000142e+00
4.865186999999999706e+00
4.879743000000000386e+00
4.897148999999999752e+00
4.907670999999999673e+00
4.924652000000000029e+00
4.931943999999999662e+00
4.941944000000000337e+00
4.946900000000000297e+00
4.948159000000000418e+00
4.935198999999999891e+00
4.936302999999999663e+00
4.948587999999999987e+00
4.959234000000000364e+00
4.960196999999999967e+00
4.966938999999999993e+00
4.981675000000000075e+00
4.994038999999999895e+00
5.006248000000000253e+00
5.034277000000000335e+00
5.050632000000000232e+00
5.063229999999999897e+00
5.078437000000000090e+00
5.085715999999999681e+00
5.107145000000000046e+00
5.125602999999999909e+00
5.140857999999999706e+00
5.150837000000000110e+00
5.156756999999999813e+00
5.161829000000000001e+00
5.163298000000000165e+00
5.183901999999999788e+00
5.179838000000000164e+00
5.176477000000000217e+00
5.175927999999999862e+00
5.179687999999999626e+00
5.183028000000000191e+00
5.192296999999999940e+00
5.187904999999999767e+00
5.206794000000000366e+00
5.222767000000000159e+00
5.229486999999999775e+00
5.241835000000000022e+00
5.238745999999999903e+00
5.248215000000000074e+00
5.263939999999999841e+00
5.276824000000000403e+00
5.277739000000000402e+00
5.291316000000000130e+00
5.308881999999999657e+00
5.328757000000000410e+00
5.345602999999999660e+00
5.365471999999999575e+00
5.370487999999999928e+00
5.388486999999999583e+00
5.395078999999999958e+00
5.417593000000000103e+00
5.421025000000000205e+00
5.427858999999999767e+00
5.441889999999999894e+00
5.442548000000000386e+00
5.446269000000000027e+00
5.447180000000000355e+00
5.457029999999999603e+00
5.463160000000000238e+00
5.462322999999999595e+00
5.468442999999999721e+00
5.478977000000000430e+00
5.489875999999999756e+00
5.502045999999999992e+00
5.502386999999999695e+00
5.528659000000000212e+00
5.547816000000000081e+00
5.564038000000000039e+00
5.573451999999999629e+00
5.570124999999999993e+00
5.574491000000000085e+00
5.590160000000000018e+00
5.596695999999999671e+00
5.602138000000000062e+00
5.612251999999999796e+00
5.616638000000000019e+00
5.621139999999999581e+00
5.620334999999999859e+00
5.632226000000000177e+00
5.642191999999999652e+00
5.641377999999999560e+00
5.659074999999999633e+00
5.677567999999999948e+00
5.685186999999999991e+00
5.686012999999999984e+00
5.694695000000000285e+00
5.711547000000000374e+00
5.716458000000000261e+00
5.726147000000000098e+00
5.744971999999999746e+00
5.754914999999999559e+00
