0.000000000000000000e+00
6.592999999999999902e-03
1.315400000000000076e-02
2.122200000000000128e-02
2.942900000000000030e-02
3.826100000000000334e-02
4.712199999999999722e-02
5.572799999999999976e-02
6.430800000000000405e-02
7.337699999999999778e-02
8.306900000000000395e-02
9.171700000000000685e-02
1.011650000000000049e-01
1.110700000000000021e-01
1.201399999999999968e-01
1.297570000000000112e-01
1.390569999999999862e-01
1.472729999999999873e-01
1.570209999999999939e-01
1.660079999999999889e-01
1.745849999999999902e-01
1.834890000000000132e-01
1.921980000000000077e-01
2.012210000000000110e-01
2.105450000000000099e-01
2.189649999999999930e-01
2.282889999999999919e-01
2.362390000000000045e-01
2.457820000000000005e-01
2.530689999999999884e-01
2.626519999999999966e-01
2.714960000000000151e-01
2.805440000000000156e-01
2.888939999999999841e-01
2.991260000000000030e-01
3.074180000000000246e-01
3.159870000000000179e-01
3.253969999999999918e-01
3.336370000000000169e-01
3.433200000000000141e-01
3.518339999999999801e-01
3.605209999999999804e-01
3.684339999999999837e-01
3.785589999999999788e-01
3.897419999999999773e-01
3.974489999999999967e-01
4.059800000000000075e-01
4.124459999999999793e-01
4.192879999999999940e-01
4.275519999999999876e-01
4.382579999999999809e-01
4.479400000000000048e-01
4.554079999999999795e-01
4.640360000000000040e-01
4.712600000000000122e-01
4.813049999999999828e-01
4.895109999999999739e-01
5.001830000000000442e-01
5.093689999999999607e-01
5.183250000000000357e-01
5.284520000000000328e-01
5.381470000000000420e-01
5.467910000000000270e-01
5.557670000000000110e-01
5.641450000000000076e-01
5.727560000000000429e-01
5.826500000000000012e-01
5.903439999999999799e-01
6.002420000000000533e-01
6.097789999999999599e-01
6.178630000000000511e-01
6.272799999999999487e-01
6.369890000000000274e-01
6.465440000000000076e-01
6.550139999999999851e-01
6.643069999999999808e-01
6.750570000000000181e-01
6.847450000000000481e-01
6.946449999999999569e-01
7.024380000000000068e-01
7.120509999999999895e-01
7.229020000000000445e-01
7.321370000000000378e-01
7.396399999999999642e-01
7.514929999999999666e-01
7.605319999999999858e-01
7.701759999999999717e-01
7.792719999999999647e-01
7.875699999999999923e-01
7.950789999999999802e-01
8.029030000000000333e-01
8.124190000000000023e-01
8.199119999999999742e-01
8.291809999999999459e-01
8.384970000000000478e-01
8.499780000000000113e-01
8.608930000000000193e-01
8.686599999999999877e-01
8.744119999999999671e-01
8.821759999999999602e-01
8.908190000000000275e-01
8.993860000000000188e-01
9.107969999999999677e-01
9.215219999999999523e-01
9.259209999999999940e-01
9.348119999999999763e-01
9.447670000000000234e-01
9.529649999999999510e-01
9.635409999999999808e-01
9.731410000000000338e-01
9.800219999999999487e-01
9.881130000000000191e-01
9.949480000000000546e-01
1.004837999999999898e+00
1.012845999999999913e+00
1.020753000000000021e+00
1.026664999999999939e+00
1.033192000000000110e+00
1.042010000000000103e+00
1.049079000000000095e+00
1.055979999999999919e+00
1.067183999999999910e+00
1.077611000000000097e+00
1.089250999999999969e+00
1.099323000000000050e+00
1.106662999999999952e+00
1.114587999999999912e+00
1.121817000000000064e+00
1.130768999999999913e+00
1.137083999999999984e+00
1.146679000000000004e+00
1.154268000000000072e+00
1.163243000000000027e+00
1.172147000000000050e+00
1.181810000000000027e+00
1.189087999999999923e+00
1.193051000000000084e+00
1.199878999999999918e+00
1.203982000000000108e+00
1.215054999999999996e+00
1.223284000000000038e+00
1.230563000000000073e+00
1.241074000000000011e+00
1.244496000000000047e+00
1.250092999999999899e+00
1.251870999999999956e+00
1.257913999999999977e+00
1.264763000000000082e+00
1.273992999999999931e+00
1.280508999999999897e+00
1.288572999999999968e+00
1.294569000000000081e+00
1.303311000000000108e+00
1.309743000000000102e+00
1.314251999999999976e+00
1.324065000000000047e+00
1.331117000000000106e+00
1.336829000000000045e+00
1.342910999999999966e+00
1.352595999999999909e+00
1.362125999999999948e+00
1.367172999999999972e+00
1.374870999999999954e+00
1.382400999999999991e+00
1.387950000000000017e+00
1.396589000000000080e+00
1.402455000000000007e+00
1.409964999999999913e+00
1.418085000000000040e+00
1.424970999999999988e+00
1.432760999999999951e+00
1.435978999999999894e+00
1.443932999999999911e+00
1.449387999999999899e+00
1.454131999999999980e+00
1.458544999999999980e+00
1.465813999999999950e+00
1.477727000000000013e+00
1.483200000000000074e+00
1.492701999999999973e+00
1.498455000000000092e+00
1.505548000000000108e+00
1.510242000000000084e+00
1.514887000000000095e+00
1.521722999999999937e+00
1.529611999999999972e+00
1.536561000000000066e+00
1.543501999999999930e+00
1.551050000000000040e+00
1.556980999999999948e+00
1.565007999999999955e+00
1.573760999999999965e+00
1.576200000000000045e+00
1.582087999999999939e+00
1.588551000000000046e+00
1.595002000000000031e+00
1.596168000000000031e+00
1.600112999999999897e+00
1.605617000000000072e+00
1.611998999999999960e+00
1.619888999999999912e+00
1.628900000000000015e+00
1.638246000000000091e+00
1.641936999999999980e+00
1.649032999999999971e+00
1.660252999999999979e+00
1.663578000000000001e+00
1.669388000000000094e+00
1.675288000000000110e+00
1.680463999999999958e+00
1.685503999999999891e+00
1.691218000000000110e+00
1.695842000000000072e+00
1.703627999999999920e+00
1.709581000000000017e+00
1.718066000000000093e+00
1.725514999999999910e+00
1.732013000000000025e+00
1.741336999999999913e+00
1.748026999999999997e+00
1.748691999999999913e+00
1.760844999999999994e+00
1.767119000000000106e+00
1.775007000000000001e+00
1.779471999999999943e+00
1.787325999999999970e+00
1.791272999999999893e+00
1.796076000000000006e+00
1.803731999999999891e+00
1.814562000000000008e+00
1.818705000000000016e+00
1.823715999999999893e+00
1.832370999999999972e+00
1.838173000000000057e+00
1.844850000000000101e+00
1.848875000000000046e+00
1.854718000000000089e+00
1.858176000000000050e+00
1.864527999999999963e+00
1.869615999999999945e+00
1.869663999999999993e+00
1.875545000000000018e+00
1.885496999999999979e+00
1.897383000000000042e+00
1.902935000000000043e+00
1.907826999999999940e+00
1.908403000000000072e+00
1.909771000000000107e+00
1.911856999999999918e+00
1.919129000000000085e+00
1.923629999999999951e+00
1.931418999999999997e+00
1.935448000000000057e+00
1.944735000000000102e+00
1.950258000000000047e+00
1.958018999999999954e+00
1.963869000000000087e+00
1.966205999999999898e+00
1.974847999999999937e+00
1.981084000000000067e+00
1.987225000000000019e+00
1.996601000000000070e+00
1.999851999999999963e+00
2.008948000000000178e+00
2.012144000000000155e+00
2.017148999999999859e+00
2.020957999999999810e+00
2.028487999999999847e+00
2.031931000000000154e+00
2.035222999999999782e+00
2.041101999999999972e+00
2.043721999999999817e+00
2.046864999999999934e+00
2.052401000000000142e+00
2.056404000000000121e+00
2.065487000000000073e+00
2.073112000000000066e+00
2.079800000000000093e+00
2.090092999999999979e+00
2.100262999999999991e+00
2.105456999999999912e+00
2.115569999999999951e+00
2.120674000000000170e+00
2.121058999999999806e+00
2.123841000000000090e+00
2.128905000000000047e+00
2.136303999999999981e+00
2.142189000000000121e+00
2.147946000000000133e+00
2.155202000000000062e+00
2.161754000000000175e+00
2.165598000000000134e+00
2.171654999999999891e+00
2.174516000000000115e+00
2.182487000000000066e+00
2.188054999999999861e+00
2.191469000000000111e+00
2.201216000000000061e+00
2.203707000000000082e+00
2.209532999999999969e+00
2.214747000000000021e+00
2.217967999999999940e+00
2.224666000000000032e+00
2.228120000000000100e+00
2.228375000000000217e+00
2.233789999999999942e+00
2.240620999999999974e+00
2.244158000000000097e+00
2.247101999999999933e+00
2.252364000000000033e+00
2.262585000000000068e+00
2.264444999999999819e+00
2.270716000000000179e+00
2.274341000000000168e+00
2.278996999999999939e+00
2.282754999999999868e+00
2.292343999999999937e+00
2.296562999999999910e+00
2.299183999999999894e+00
2.302929999999999922e+00
2.308555999999999830e+00
2.312464999999999993e+00
2.315494999999999859e+00
2.320734999999999992e+00
2.324507000000000101e+00
2.326089000000000073e+00
2.331043999999999894e+00
2.337158000000000069e+00
2.339647999999999950e+00
2.345231000000000066e+00
2.352695999999999898e+00
2.357085999999999792e+00
2.367598999999999787e+00
2.375643000000000171e+00
2.378508000000000067e+00
2.383253999999999984e+00
2.386686999999999781e+00
2.391259999999999941e+00
2.394514000000000031e+00
2.402327999999999797e+00
2.406889000000000056e+00
2.411556000000000033e+00
2.420615999999999879e+00
2.428790999999999922e+00
2.433993000000000073e+00
2.435522000000000187e+00
2.440414999999999779e+00
2.446232000000000184e+00
2.451789000000000218e+00
2.459649999999999892e+00
2.462549000000000099e+00
2.472185000000000077e+00
2.480621000000000187e+00
2.484192000000000178e+00
2.491121000000000141e+00
2.499341999999999953e+00
2.506345000000000045e+00
2.508265000000000189e+00
2.513501000000000207e+00
2.514581999999999873e+00
2.519718000000000124e+00
2.523279000000000050e+00
2.529115000000000002e+00
2.535388000000000197e+00
2.541339999999999932e+00
2.544626000000000055e+00
2.551276999999999795e+00
2.554794999999999927e+00
2.557430999999999788e+00
2.557341000000000086e+00
2.562136000000000191e+00
2.569755999999999929e+00
2.573573000000000111e+00
2.577557000000000098e+00
2.590241999999999933e+00
2.592935999999999908e+00
2.594999000000000056e+00
2.598243000000000080e+00
2.603403000000000134e+00
2.607061999999999991e+00
2.609719000000000122e+00
2.608880000000000088e+00
2.612817999999999863e+00
2.618269999999999875e+00
2.627078000000000024e+00
2.632912999999999837e+00
2.632991000000000081e+00
2.637042999999999804e+00
2.646822999999999926e+00
2.652422000000000057e+00
2.655891000000000002e+00
2.659066999999999847e+00
2.665328999999999837e+00
2.669137000000000093e+00
2.677264000000000088e+00
2.685869999999999980e+00
2.688429000000000180e+00
2.695685000000000109e+00
2.700048999999999921e+00
2.702980999999999856e+00
2.710322999999999816e+00
2.716829000000000160e+00
2.720444000000000084e+00
2.733315999999999857e+00
2.738799000000000206e+00
2.737324000000000090e+00
2.748200000000000198e+00
2.749770999999999965e+00
2.758685999999999972e+00
2.764498000000000122e+00
2.766754999999999853e+00
2.771091999999999889e+00
2.778064999999999785e+00
2.782337000000000060e+00
2.783387999999999973e+00
2.787115000000000009e+00
2.796761000000000053e+00
2.803720000000000212e+00
2.806179999999999897e+00
2.812225999999999893e+00
2.813927000000000067e+00
2.817180000000000017e+00
2.821893999999999902e+00
2.820526000000000089e+00
2.830121999999999804e+00
2.837225000000000108e+00
2.837959000000000120e+00
2.846499999999999808e+00
2.846499999999999808e+00
2.849251000000000200e+00
2.851163000000000114e+00
2.855166000000000093e+00
2.857578999999999869e+00
2.865409000000000095e+00
2.869241000000000152e+00
2.871160000000000156e+00
2.873045999999999989e+00
2.877727000000000146e+00
2.880128000000000021e+00
2.889998999999999985e+00
2.897047000000000150e+00
2.908618999999999843e+00
2.905015999999999821e+00
2.908602999999999827e+00
2.918740999999999808e+00
2.923472999999999988e+00
2.925018999999999814e+00
2.926714000000000038e+00
2.931541000000000174e+00
2.929727000000000192e+00
2.932239000000000040e+00
2.935395999999999894e+00
2.940198000000000089e+00
2.942241999999999802e+00
2.941355000000000164e+00
2.945501999999999843e+00
2.949167999999999790e+00
2.956881999999999788e+00
2.963238000000000039e+00
2.972685999999999940e+00
2.974057999999999868e+00
2.975713999999999970e+00
2.981850999999999807e+00
2.986035000000000217e+00
2.992214000000000151e+00
2.993027999999999800e+00
2.999467999999999801e+00
3.001757000000000009e+00
2.999333000000000027e+00
3.000992999999999800e+00
3.005168999999999979e+00
3.008821999999999885e+00
3.012008999999999936e+00
3.015012000000000025e+00
3.018423999999999996e+00
3.025279999999999969e+00
3.030101999999999851e+00
3.030119000000000007e+00
3.036897000000000180e+00
3.036394000000000037e+00
3.037332000000000143e+00
3.046660000000000146e+00
3.056683000000000039e+00
3.061493000000000020e+00
3.068478999999999957e+00
3.074680999999999997e+00
3.078523000000000120e+00
3.085278999999999883e+00
3.094073999999999991e+00
3.100337999999999816e+00
3.101968999999999976e+00
3.105142999999999986e+00
3.109264000000000028e+00
3.113497999999999877e+00
3.123045999999999989e+00
3.127870999999999846e+00
3.138247999999999927e+00
3.142633000000000010e+00
3.139492999999999867e+00
3.148032000000000163e+00
3.151867999999999892e+00
3.148794999999999789e+00
3.149969000000000019e+00
3.160071999999999992e+00
3.158136999999999972e+00
3.163307999999999787e+00
3.171676000000000162e+00
3.180667999999999829e+00
3.178033999999999804e+00
3.181055000000000188e+00
3.185982999999999787e+00
3.187990000000000101e+00
3.189592999999999900e+00
3.195262000000000047e+00
3.201449999999999907e+00
3.202774999999999928e+00
3.208291000000000004e+00
3.211319000000000035e+00
3.211364999999999803e+00
3.217537000000000091e+00
3.214307999999999943e+00
3.213401000000000174e+00
3.216110000000000024e+00
3.218821000000000154e+00
3.225182999999999911e+00
3.232704000000000022e+00
3.235215999999999870e+00
3.231637999999999789e+00
3.239335000000000075e+00
3.241921000000000053e+00
3.238715000000000011e+00
3.240089999999999915e+00
3.246950000000000003e+00
3.253331000000000195e+00
3.259311999999999987e+00
3.261547000000000196e+00
3.266636000000000095e+00
3.266713000000000200e+00
3.278277999999999803e+00
3.280121999999999982e+00
3.286195000000000199e+00
3.290890999999999789e+00
3.301429000000000169e+00
3.304219999999999935e+00
3.303882999999999903e+00
3.303859999999999797e+00
3.313187000000000104e+00
3.321349000000000107e+00
3.329175999999999913e+00
3.329038000000000164e+00
3.330289000000000055e+00
3.326769999999999783e+00
3.335107999999999961e+00
3.332316000000000056e+00
3.344689999999999941e+00
3.348662000000000027e+00
3.353145000000000042e+00
3.354426999999999826e+00
3.357720000000000038e+00
3.357892999999999795e+00
3.364792000000000005e+00
3.369349999999999845e+00
3.375958999999999932e+00
3.377404999999999990e+00
3.375820000000000043e+00
3.380517999999999912e+00
3.385313000000000017e+00
3.382957000000000214e+00
3.391043999999999947e+00
3.397618000000000027e+00
3.403633000000000131e+00
3.410692000000000057e+00
3.418794999999999806e+00
3.414684999999999970e+00
3.417803999999999842e+00
3.424160999999999788e+00
3.429990000000000094e+00
3.436046000000000156e+00
3.440618000000000176e+00
3.442534999999999901e+00
3.440878999999999799e+00
3.445949999999999847e+00
3.445813999999999933e+00
3.450260000000000105e+00
3.450708000000000109e+00
3.454765000000000086e+00
3.459036000000000222e+00
3.462007999999999974e+00
3.456335999999999853e+00
3.459071999999999925e+00
3.468062000000000200e+00
3.471934000000000076e+00
3.475778000000000034e+00
3.486724999999999852e+00
3.487945999999999991e+00
3.492093999999999809e+00
3.499535999999999980e+00
3.502825000000000077e+00
3.509072999999999887e+00
3.515378000000000114e+00
