0.000000000000000000e+00
7.037999999999999985e-03
1.446099999999999990e-02
2.285900000000000085e-02
3.207999999999999741e-02
4.050999999999999740e-02
4.979299999999999699e-02
5.905799999999999939e-02
6.854000000000000370e-02
7.724200000000000510e-02
8.711800000000000099e-02
9.561000000000000054e-02
1.046679999999999972e-01
1.139860000000000040e-01
1.227310000000000068e-01
1.308040000000000036e-01
1.404310000000000003e-01
1.493960000000000010e-01
1.601059999999999983e-01
1.686140000000000139e-01
1.764640000000000097e-01
1.850700000000000123e-01
1.949039999999999939e-01
2.038409999999999944e-01
2.129340000000000122e-01
2.223690000000000111e-01
2.317359999999999975e-01
2.413669999999999982e-01
2.513360000000000039e-01
2.597729999999999762e-01
2.698949999999999960e-01
2.802040000000000086e-01
2.903169999999999917e-01
3.001199999999999979e-01
3.093319999999999959e-01
3.188679999999999848e-01
3.274290000000000256e-01
3.367800000000000238e-01
3.458499999999999908e-01
3.567449999999999788e-01
3.653560000000000141e-01
3.738580000000000236e-01
3.838409999999999878e-01
3.938059999999999894e-01
4.024440000000000239e-01
4.090599999999999792e-01
4.166130000000000111e-01
4.244040000000000035e-01
4.322369999999999823e-01
4.415839999999999765e-01
4.499750000000000139e-01
4.598220000000000085e-01
4.676799999999999846e-01
4.745010000000000061e-01
4.835209999999999786e-01
4.931849999999999845e-01
5.032870000000000399e-01
5.108260000000000023e-01
5.215739999999999821e-01
5.304750000000000298e-01
5.392590000000000439e-01
5.473299999999999832e-01
5.564900000000000402e-01
5.647290000000000365e-01
5.744730000000000114e-01
5.853690000000000282e-01
5.947179999999999689e-01
6.042669999999999986e-01
6.153960000000000541e-01
6.239550000000000374e-01
6.341219999999999635e-01
6.434689999999999577e-01
6.524560000000000359e-01
6.598450000000000149e-01
6.699340000000000295e-01
6.789340000000000375e-01
6.875959999999999850e-01
6.955789999999999473e-01
7.046740000000000226e-01
7.147599999999999509e-01
7.248719999999999608e-01
7.340440000000000298e-01
7.427570000000000006e-01
7.503400000000000070e-01
7.592290000000000427e-01
7.701339999999999852e-01
7.799230000000000329e-01
7.880310000000000370e-01
7.926910000000000345e-01
8.021709999999999674e-01
8.130540000000000544e-01
8.240250000000000075e-01
8.328630000000000200e-01
8.406160000000000299e-01
8.498620000000000063e-01
8.588400000000000478e-01
8.671170000000000266e-01
8.759069999999999911e-01
8.812649999999999650e-01
8.910810000000000120e-01
8.983269999999999866e-01
9.083660000000000068e-01
9.141730000000000134e-01
9.223259999999999792e-01
9.318670000000000009e-01
9.414449999999999763e-01
9.506189999999999918e-01
9.581340000000000412e-01
9.664719999999999978e-01
9.745030000000000081e-01
9.809050000000000269e-01
9.897749999999999604e-01
1.000100999999999907e+00
1.007875000000000076e+00
1.014610000000000012e+00
1.022011999999999921e+00
1.030348999999999959e+00
1.037882999999999889e+00
1.045597000000000110e+00
1.052515000000000089e+00
1.060492999999999908e+00
1.071136000000000088e+00
1.079163000000000094e+00
1.088230999999999948e+00
1.096657999999999911e+00
1.105790000000000051e+00
1.116136000000000017e+00
1.125764999999999905e+00
1.130320999999999909e+00
1.138146000000000102e+00
1.145540999999999920e+00
1.152924000000000060e+00
1.160296999999999912e+00
1.168703000000000047e+00
1.176658999999999899e+00
1.182128999999999985e+00
1.189305999999999974e+00
1.194614999999999982e+00
1.202144000000000101e+00
1.206199000000000021e+00
1.212860000000000049e+00
1.219201999999999897e+00
1.224787999999999988e+00
1.233775000000000066e+00
1.238769000000000009e+00
1.245076000000000072e+00
1.248896999999999924e+00
1.258621999999999908e+00
1.266254999999999908e+00
1.271662000000000070e+00
1.278953999999999924e+00
1.284799000000000024e+00
1.290426999999999991e+00
1.300192999999999932e+00
1.307187000000000099e+00
1.313722000000000056e+00
1.320796000000000081e+00
1.327455999999999969e+00
1.334187000000000012e+00
1.342886000000000024e+00
1.349045000000000050e+00
1.355502999999999902e+00
1.364721999999999991e+00
1.369523999999999964e+00
1.378328999999999915e+00
1.385731000000000046e+00
1.389294000000000029e+00
1.396446999999999994e+00
1.402436999999999934e+00
1.407663000000000109e+00
1.416277999999999926e+00
1.423213999999999979e+00
1.425786999999999916e+00
1.433492999999999906e+00
1.437885999999999997e+00
1.445586000000000038e+00
1.452180000000000026e+00
1.454480999999999913e+00
1.460002000000000022e+00
1.467122000000000037e+00
1.475856000000000057e+00
1.478718999999999895e+00
1.487484000000000028e+00
1.497004000000000001e+00
1.504674999999999985e+00
1.508445000000000036e+00
1.512615999999999961e+00
1.518945999999999907e+00
1.523608000000000073e+00
1.528960000000000097e+00
1.536731000000000069e+00
1.543002999999999902e+00
1.550111000000000017e+00
1.557461999999999902e+00
1.563037000000000010e+00
1.567371000000000070e+00
1.574213000000000084e+00
1.581609000000000043e+00
1.587852999999999959e+00
1.594359000000000082e+00
1.601037000000000043e+00
1.608330000000000037e+00
1.612104999999999899e+00
1.618711000000000011e+00
1.622660999999999909e+00
1.630716999999999972e+00
1.633548000000000000e+00
1.638354000000000088e+00
1.641742999999999952e+00
1.645226999999999995e+00
1.651926999999999923e+00
1.659400999999999904e+00
1.665033999999999903e+00
1.670741999999999949e+00
1.675491999999999981e+00
1.681081999999999965e+00
1.684974999999999890e+00
1.690045000000000019e+00
1.694479999999999986e+00
1.700202999999999909e+00
1.702511000000000108e+00
1.709931000000000090e+00
1.719095999999999957e+00
1.724890000000000034e+00
1.730121999999999938e+00
1.735390999999999906e+00
1.741012000000000004e+00
1.745508999999999977e+00
1.750556000000000001e+00
1.757938999999999918e+00
1.761338000000000070e+00
1.767724000000000073e+00
1.774890000000000079e+00
1.786488999999999994e+00
1.792000000000000037e+00
1.800071999999999894e+00
1.806912000000000074e+00
1.811960999999999933e+00
1.815372999999999903e+00
1.824273999999999951e+00
1.828819999999999890e+00
1.833066000000000084e+00
1.839131999999999989e+00
1.840937999999999963e+00
1.844503000000000004e+00
1.853847999999999940e+00
1.862317000000000000e+00
1.867199999999999971e+00
1.875404000000000071e+00
1.882025000000000059e+00
1.884276999999999980e+00
1.890028999999999959e+00
1.902185000000000015e+00
1.907059000000000060e+00
1.912744999999999918e+00
1.917615000000000069e+00
1.929805999999999910e+00
1.935689999999999911e+00
1.939651999999999932e+00
1.946577999999999919e+00
1.949521999999999977e+00
1.953157999999999950e+00
1.958302999999999905e+00
1.961017000000000010e+00
1.965983999999999954e+00
1.969400999999999957e+00
1.970644999999999980e+00
1.977902999999999967e+00
1.981319000000000052e+00
1.986031000000000102e+00
1.989087999999999967e+00
1.992887999999999993e+00
1.994601999999999986e+00
2.002396000000000065e+00
2.008134000000000086e+00
2.012211999999999890e+00
2.015941999999999901e+00
2.016608000000000178e+00
2.022520000000000095e+00
2.028258999999999812e+00
2.036474999999999813e+00
2.040535000000000210e+00
2.045821000000000112e+00
2.051772999999999847e+00
2.053653000000000173e+00
2.057941000000000020e+00
2.061837999999999838e+00
2.065641999999999978e+00
2.071779999999999955e+00
2.075344999999999995e+00
2.085805999999999827e+00
2.093783000000000172e+00
2.097404000000000046e+00
2.096280999999999839e+00
2.099282000000000092e+00
2.104725999999999875e+00
2.107101999999999808e+00
2.114764999999999784e+00
2.121745000000000214e+00
2.123927000000000120e+00
2.132525999999999922e+00
2.140521000000000118e+00
2.148792999999999953e+00
2.151901000000000064e+00
2.156547000000000214e+00
2.162676999999999961e+00
2.164499000000000173e+00
2.174675000000000136e+00
2.179285999999999834e+00
2.180391000000000190e+00
2.180959000000000092e+00
2.185185999999999851e+00
2.187197999999999976e+00
2.193722000000000172e+00
2.201481999999999939e+00
2.207120999999999889e+00
2.211357000000000017e+00
2.215669999999999806e+00
2.219505999999999979e+00
2.224396000000000040e+00
2.225334999999999841e+00
2.230134000000000061e+00
2.237658000000000147e+00
2.239832999999999963e+00
2.245884999999999909e+00
2.248775999999999886e+00
2.252172999999999981e+00
2.259596000000000160e+00
2.264356999999999953e+00
2.267180999999999891e+00
2.274423999999999779e+00
2.281789999999999985e+00
2.286357999999999890e+00
2.290591000000000044e+00
2.296520000000000117e+00
2.300965999999999845e+00
2.305162000000000155e+00
2.305934000000000150e+00
2.316355999999999860e+00
2.321747999999999923e+00
2.324895000000000156e+00
2.332669000000000104e+00
2.336212999999999873e+00
2.337631000000000014e+00
2.343818999999999875e+00
2.347491999999999912e+00
2.351240000000000219e+00
2.355109000000000119e+00
2.360780000000000101e+00
2.359948000000000157e+00
2.363252999999999826e+00
2.365016999999999925e+00
2.372970000000000024e+00
2.379116999999999926e+00
2.384041999999999994e+00
2.389800999999999842e+00
2.397839999999999971e+00
2.398553000000000157e+00
2.401533999999999835e+00
2.406146999999999814e+00
2.412377000000000216e+00
2.419928000000000079e+00
2.422210999999999892e+00
2.423490000000000144e+00
2.427945999999999938e+00
2.432901999999999898e+00
2.438893000000000200e+00
2.442285000000000039e+00
2.448847000000000218e+00
2.455620000000000136e+00
2.462387000000000103e+00
2.466518000000000210e+00
2.472347000000000072e+00
2.475788000000000100e+00
2.478279000000000121e+00
2.481217000000000006e+00
2.483375000000000110e+00
2.488760999999999779e+00
2.496220999999999801e+00
2.501246000000000080e+00
2.508331000000000088e+00
2.513649000000000022e+00
2.519554999999999989e+00
2.521879000000000204e+00
2.526248999999999967e+00
2.531362999999999808e+00
2.535082000000000058e+00
2.534889999999999866e+00
2.537948000000000093e+00
2.544582999999999817e+00
2.546365999999999907e+00
2.552205999999999975e+00
2.556543000000000010e+00
2.562692000000000192e+00
2.570609000000000144e+00
2.577701999999999938e+00
2.577293000000000056e+00
2.580518000000000089e+00
2.583686999999999845e+00
2.587378999999999873e+00
2.591045999999999960e+00
2.596651000000000042e+00
2.600070000000000103e+00
2.604600000000000026e+00
2.610958000000000112e+00
2.612060000000000048e+00
2.618170000000000108e+00
2.624121999999999844e+00
2.624159999999999826e+00
2.631457999999999853e+00
2.634428999999999910e+00
2.639552000000000120e+00
2.643232999999999944e+00
2.646495999999999960e+00
2.652851000000000070e+00
2.658288999999999902e+00
2.660867999999999789e+00
2.665153999999999801e+00
2.674799000000000149e+00
2.683305999999999969e+00
2.685255000000000170e+00
2.689963999999999800e+00
2.701861000000000068e+00
2.705175999999999803e+00
2.708762999999999810e+00
2.715810999999999975e+00
2.721322999999999936e+00
2.726449000000000122e+00
2.732470999999999872e+00
2.733985999999999805e+00
2.735256999999999827e+00
2.741632000000000069e+00
2.744330000000000158e+00
2.749087999999999976e+00
2.752276999999999862e+00
2.756616999999999873e+00
2.763911999999999924e+00
2.770159000000000038e+00
2.769117000000000051e+00
2.771898000000000195e+00
2.780584000000000167e+00
2.783227000000000118e+00
2.790887999999999813e+00
2.796842999999999968e+00
2.803614000000000051e+00
2.806421999999999972e+00
2.805741999999999958e+00
2.811450999999999922e+00
2.811799999999999855e+00
2.817930000000000046e+00
2.818398000000000181e+00
2.816539000000000126e+00
2.821343000000000156e+00
2.825044999999999806e+00
2.831446000000000129e+00
2.837066000000000088e+00
2.843853000000000186e+00
2.852297999999999778e+00
2.852634999999999810e+00
2.852850999999999804e+00
2.858788999999999803e+00
2.860993000000000119e+00
2.866654000000000035e+00
2.866201000000000221e+00
2.864174000000000220e+00
2.868641000000000219e+00
2.868768000000000207e+00
2.867856000000000183e+00
2.875843999999999845e+00
2.881289000000000211e+00
2.882033999999999985e+00
2.888196999999999903e+00
2.889152999999999860e+00
2.890639000000000181e+00
2.894645999999999830e+00
2.900870999999999977e+00
2.906986999999999988e+00
2.908919000000000032e+00
2.914499999999999869e+00
2.916903000000000024e+00
2.920274000000000036e+00
2.921104000000000145e+00
2.924155999999999977e+00
2.931214999999999904e+00
2.937756999999999952e+00
2.935865000000000169e+00
2.940087000000000117e+00
2.949068000000000023e+00
2.956964999999999844e+00
2.960269999999999957e+00
2.961562999999999946e+00
2.967442999999999831e+00
2.972935999999999801e+00
2.983022000000000062e+00
2.993466999999999878e+00
2.991474999999999884e+00
2.999042999999999903e+00
3.001002000000000169e+00
3.003427999999999987e+00
3.005561999999999845e+00
3.005030999999999786e+00
3.010787000000000102e+00
3.015022000000000091e+00
3.016675999999999913e+00
3.023124999999999840e+00
3.026911000000000129e+00
3.030988999999999933e+00
3.037187999999999999e+00
3.043766000000000194e+00
3.050374000000000141e+00
3.057141000000000108e+00
3.058587999999999862e+00
3.063938999999999968e+00
3.069796999999999887e+00
3.073497999999999841e+00
3.076382999999999868e+00
3.077831000000000206e+00
3.086929000000000034e+00
3.091203000000000145e+00
3.092804000000000109e+00
3.098609000000000169e+00
3.106672999999999796e+00
3.111628000000000061e+00
3.116207999999999867e+00
3.121701999999999977e+00
3.127854999999999830e+00
3.130959999999999965e+00
3.137135999999999925e+00
3.143905999999999867e+00
3.146612999999999882e+00
3.154298999999999964e+00
3.166977000000000153e+00
3.173652000000000140e+00
3.173046999999999951e+00
3.178147000000000055e+00
3.178243000000000151e+00
3.186427999999999816e+00
3.193792000000000186e+00
3.193906000000000134e+00
3.200582999999999956e+00
3.207453000000000110e+00
3.208549000000000095e+00
3.210964999999999847e+00
3.217941000000000162e+00
3.219777000000000111e+00
3.223524999999999974e+00
3.226173000000000179e+00
3.229436000000000195e+00
3.231234000000000162e+00
3.237535999999999969e+00
3.242196999999999996e+00
3.251686999999999994e+00
3.258281000000000205e+00
3.254233999999999849e+00
3.259964000000000084e+00
3.263958999999999833e+00
3.270729999999999915e+00
3.275330999999999992e+00
3.278214999999999879e+00
3.276066999999999840e+00
3.279567000000000121e+00
3.283345999999999876e+00
3.287189000000000139e+00
3.293385999999999925e+00
3.299234000000000222e+00
3.305905999999999789e+00
3.315573999999999799e+00
3.320117999999999903e+00
3.323913999999999813e+00
3.325947000000000209e+00
3.327265000000000139e+00
3.326144999999999907e+00
3.329225999999999797e+00
3.332686999999999955e+00
3.338697999999999944e+00
3.340179000000000009e+00
3.345213999999999910e+00
3.346163999999999916e+00
3.347938000000000081e+00
3.346232000000000095e+00
3.357527999999999846e+00
3.364491000000000120e+00
3.365418000000000021e+00
3.370989999999999931e+00
3.379782000000000064e+00
3.382619000000000042e+00
3.382379999999999942e+00
3.385711000000000137e+00
3.385102999999999973e+00
3.390001999999999960e+00
3.392768999999999924e+00
3.393000999999999934e+00
3.398213999999999846e+00
3.398482000000000003e+00
3.403086000000000055e+00
3.412446000000000090e+00
3.422773999999999983e+00
3.425765999999999867e+00
3.435185999999999851e+00
3.443681000000000214e+00
