0.000000000000000000e+00
7.401999999999999726e-03
1.644699999999999981e-02
2.562400000000000094e-02
3.477999999999999842e-02
4.395799999999999708e-02
5.340600000000000208e-02
6.267899999999999860e-02
7.188700000000000645e-02
8.181800000000000184e-02
9.147600000000000176e-02
1.012839999999999990e-01
1.119710000000000011e-01
1.214419999999999944e-01
1.317250000000000087e-01
1.411979999999999902e-01
1.509169999999999956e-01
1.608370000000000077e-01
1.702490000000000114e-01
1.804159999999999930e-01
1.901799999999999879e-01
2.011159999999999892e-01
2.110769999999999869e-01
2.220840000000000036e-01
2.332629999999999981e-01
2.432519999999999960e-01
2.547249999999999792e-01
2.661339999999999817e-01
2.765460000000000140e-01
2.886610000000000009e-01
3.010280000000000178e-01
3.123090000000000033e-01
3.226510000000000211e-01
3.334679999999999866e-01
3.452250000000000041e-01
3.569680000000000075e-01
3.684319999999999817e-01
3.793719999999999870e-01
3.909309999999999730e-01
4.017749999999999932e-01
4.124419999999999753e-01
4.251699999999999924e-01
4.360700000000000132e-01
4.478980000000000183e-01
4.588130000000000264e-01
4.707489999999999730e-01
4.819189999999999863e-01
4.934490000000000265e-01
5.053950000000000387e-01
5.176809999999999468e-01
5.286039999999999628e-01
5.397939999999999960e-01
5.512970000000000370e-01
5.629049999999999887e-01
5.749840000000000506e-01
5.891119999999999690e-01
6.028930000000000122e-01
6.140980000000000327e-01
6.272569999999999535e-01
6.392130000000000312e-01
6.522299999999999764e-01
6.607009999999999827e-01
6.727819999999999911e-01
6.855980000000000407e-01
6.990840000000000387e-01
7.110020000000000229e-01
7.225409999999999888e-01
7.355930000000000524e-01
7.484199999999999742e-01
7.616530000000000244e-01
7.739099999999999868e-01
7.856649999999999467e-01
7.983869999999999578e-01
8.103650000000000020e-01
8.209699999999999775e-01
8.320400000000000018e-01
8.430419999999999581e-01
8.545030000000000125e-01
8.679510000000000280e-01
8.817310000000000425e-01
8.911099999999999577e-01
9.010880000000000001e-01
9.123529999999999696e-01
9.235600000000000476e-01
9.344419999999999948e-01
9.466020000000000545e-01
9.596519999999999495e-01
9.698989999999999556e-01
9.780090000000000172e-01
9.899930000000000119e-01
9.993429999999999813e-01
1.008942000000000005e+00
1.018912999999999958e+00
1.030750999999999973e+00
1.042021000000000086e+00
1.050051000000000068e+00
1.060019000000000045e+00
1.070003999999999955e+00
1.080667000000000044e+00
1.089949000000000057e+00
1.098082999999999920e+00
1.110193999999999903e+00
1.120262000000000091e+00
1.129285000000000094e+00
1.139620999999999995e+00
1.148973999999999940e+00
1.155944000000000083e+00
1.163493000000000110e+00
1.169823999999999975e+00
1.179683999999999955e+00
1.186015000000000041e+00
1.195194000000000090e+00
1.204874000000000001e+00
1.211694000000000049e+00
1.218167000000000000e+00
1.225259000000000098e+00
1.232048000000000032e+00
1.240842000000000001e+00
1.249441000000000024e+00
1.256550999999999974e+00
1.260162000000000004e+00
1.268073999999999923e+00
1.273320999999999925e+00
1.277900999999999954e+00
1.282418999999999976e+00
1.288470999999999922e+00
1.295020000000000060e+00
1.299560000000000048e+00
1.305716000000000099e+00
1.310260999999999898e+00
1.314151000000000069e+00
1.319634999999999891e+00
1.325434000000000001e+00
1.331545999999999896e+00
1.336216000000000070e+00
1.342740000000000045e+00
1.345855000000000024e+00
1.348678999999999961e+00
1.353183000000000025e+00
1.359323000000000059e+00
1.365507000000000026e+00
1.368897999999999948e+00
1.375053999999999998e+00
1.381491999999999942e+00
1.386970000000000036e+00
1.390244999999999953e+00
1.393016999999999950e+00
1.394741999999999926e+00
1.396654000000000062e+00
1.398965000000000014e+00
1.404873000000000038e+00
1.407461000000000073e+00
1.410352000000000050e+00
1.414409000000000027e+00
1.418152000000000079e+00
1.423186999999999980e+00
1.427307000000000103e+00
1.432040999999999897e+00
1.434247999999999967e+00
1.436676000000000064e+00
1.441111999999999949e+00
1.442576000000000080e+00
1.443756999999999957e+00
1.447627999999999915e+00
1.448630000000000084e+00
1.451381000000000032e+00
1.451915999999999984e+00
1.452549000000000090e+00
1.451840999999999937e+00
1.452669999999999906e+00
1.455457999999999918e+00
1.454557000000000100e+00
1.458207999999999949e+00
1.458063000000000109e+00
1.458717999999999959e+00
1.463019999999999987e+00
1.467702999999999980e+00
1.468447999999999976e+00
1.470795999999999992e+00
1.470717999999999970e+00
1.475319000000000047e+00
1.477241999999999944e+00
1.479300999999999977e+00
1.478423000000000043e+00
1.478153000000000050e+00
1.480123000000000077e+00
1.481597999999999971e+00
1.484866000000000019e+00
1.485937000000000063e+00
1.489505999999999997e+00
1.490693000000000046e+00
1.492582999999999993e+00
1.496067999999999953e+00
1.499325999999999937e+00
1.499227000000000087e+00
1.500280999999999976e+00
1.502237999999999962e+00
1.501830999999999916e+00
1.502728999999999981e+00
1.502815000000000012e+00
1.503538999999999959e+00
1.507536999999999905e+00
1.507176999999999989e+00
1.509460000000000024e+00
1.512690000000000090e+00
1.516513999999999918e+00
1.518523999999999985e+00
1.517830999999999930e+00
1.519247999999999932e+00
1.517133000000000065e+00
1.516979999999999995e+00
1.518197999999999936e+00
1.518145999999999995e+00
1.522051000000000043e+00
1.523741999999999930e+00
1.523355999999999932e+00
1.527856000000000103e+00
1.528666999999999998e+00
1.529393000000000002e+00
1.533377999999999908e+00
1.533898999999999901e+00
1.532189000000000023e+00
1.531060000000000088e+00
1.531177000000000010e+00
1.530836000000000086e+00
1.530915000000000026e+00
1.532092000000000009e+00
1.536276999999999893e+00
1.537687999999999944e+00
1.536564000000000041e+00
1.540710999999999942e+00
1.543047000000000057e+00
1.543021999999999894e+00
1.545601999999999920e+00
1.547131999999999952e+00
1.546456000000000053e+00
1.547004999999999963e+00
1.545598000000000027e+00
1.548032999999999992e+00
1.548111999999999933e+00
1.548157000000000005e+00
1.549312999999999940e+00
1.551169000000000020e+00
1.553755999999999915e+00
1.551776999999999962e+00
1.549230000000000107e+00
1.550435999999999925e+00
1.551018000000000008e+00
1.551231000000000027e+00
1.548764999999999947e+00
1.546075000000000088e+00
1.546656000000000031e+00
1.549855999999999900e+00
1.546483000000000052e+00
1.550739000000000090e+00
1.547998999999999903e+00
1.545090999999999992e+00
1.544367999999999963e+00
1.548624000000000001e+00
1.547695999999999961e+00
1.547382999999999953e+00
1.545252999999999988e+00
1.543538000000000077e+00
1.540146000000000015e+00
1.540904000000000051e+00
1.541606999999999950e+00
1.542167999999999983e+00
1.545557999999999987e+00
1.548005000000000075e+00
1.545865000000000045e+00
1.546102000000000087e+00
1.547392000000000101e+00
1.548035999999999968e+00
1.551976999999999940e+00
1.552448999999999968e+00
1.552899999999999947e+00
1.554405000000000037e+00
1.554076000000000013e+00
1.554461000000000093e+00
1.556386000000000047e+00
1.556299000000000099e+00
1.550877999999999979e+00
1.549050999999999956e+00
1.551009000000000082e+00
1.554461000000000093e+00
1.553655999999999926e+00
1.553990999999999900e+00
1.549973999999999963e+00
1.548443999999999932e+00
1.547250999999999932e+00
1.545778000000000096e+00
1.549431000000000003e+00
1.548245000000000093e+00
1.549819999999999975e+00
1.548969999999999958e+00
1.548667000000000016e+00
1.551571999999999951e+00
1.552667999999999937e+00
1.555598999999999954e+00
1.557863999999999916e+00
1.559746999999999995e+00
1.557060000000000111e+00
1.557833999999999941e+00
1.560029000000000110e+00
1.557199999999999918e+00
1.553797000000000095e+00
1.553191999999999906e+00
1.553002999999999911e+00
1.554845999999999950e+00
1.554070000000000062e+00
1.556362000000000023e+00
1.551585999999999910e+00
1.556046999999999958e+00
1.558149999999999924e+00
1.559099999999999930e+00
1.556686999999999932e+00
1.556270000000000042e+00
1.558491999999999988e+00
1.558194000000000079e+00
1.561574000000000018e+00
1.565582000000000029e+00
1.565357000000000109e+00
1.564257999999999926e+00
1.563978000000000090e+00
1.565549000000000079e+00
1.567463000000000051e+00
1.565433000000000074e+00
1.567093000000000069e+00
1.568286999999999987e+00
1.568441999999999892e+00
1.568275000000000086e+00
1.571733000000000047e+00
1.571225000000000094e+00
1.574035999999999991e+00
1.575336000000000070e+00
1.577989000000000086e+00
1.574591999999999992e+00
1.574475999999999987e+00
1.576985999999999999e+00
1.575331000000000037e+00
1.576891999999999960e+00
1.575383999999999896e+00
1.577441000000000093e+00
1.576891999999999960e+00
1.578951999999999911e+00
1.577504999999999935e+00
1.579063000000000105e+00
1.579817999999999945e+00
1.577526999999999902e+00
1.580505000000000049e+00
1.583572999999999897e+00
1.584951999999999916e+00
1.583499999999999908e+00
1.587204000000000059e+00
1.584734000000000087e+00
1.585261999999999949e+00
1.587699999999999889e+00
1.586818999999999980e+00
1.586195000000000022e+00
1.582200000000000051e+00
1.582507000000000108e+00
1.585340999999999889e+00
1.582770000000000010e+00
1.585469999999999935e+00
1.582969999999999988e+00
1.584729000000000054e+00
1.588432000000000066e+00
1.589695999999999998e+00
1.597639999999999949e+00
1.599942999999999893e+00
1.597863999999999951e+00
1.601347999999999994e+00
1.604678999999999967e+00
1.603622000000000103e+00
1.600824000000000025e+00
1.600533999999999901e+00
1.605842999999999909e+00
1.605339000000000071e+00
1.604872000000000076e+00
1.602255999999999903e+00
1.600006000000000039e+00
1.604257999999999962e+00
1.604343999999999992e+00
1.607647000000000048e+00
1.608235000000000081e+00
1.606457999999999942e+00
1.603331000000000062e+00
1.602311999999999959e+00
1.602238999999999969e+00
1.597477999999999954e+00
1.601269999999999971e+00
1.601900000000000102e+00
1.603645999999999905e+00
1.600672000000000095e+00
1.604389999999999983e+00
1.601550999999999947e+00
1.599963999999999942e+00
1.602756999999999987e+00
1.606197000000000097e+00
1.607575999999999894e+00
1.612241999999999953e+00
1.613785999999999943e+00
1.613952999999999971e+00
1.615474000000000077e+00
1.616559000000000079e+00
1.611712000000000033e+00
1.612551999999999985e+00
1.611115000000000075e+00
1.612598999999999894e+00
1.612838999999999912e+00
1.613288999999999973e+00
1.613383999999999929e+00
1.617701999999999973e+00
1.616074999999999928e+00
1.614311000000000051e+00
1.613703000000000110e+00
1.613733000000000084e+00
1.611942999999999904e+00
1.612125000000000030e+00
1.606500999999999957e+00
1.600999999999999979e+00
1.601707999999999910e+00
1.600417999999999896e+00
1.605153000000000052e+00
1.605331999999999981e+00
1.602978000000000014e+00
1.596718000000000082e+00
1.597251999999999894e+00
1.596772000000000080e+00
1.591642000000000001e+00
1.593846000000000096e+00
1.593442000000000025e+00
1.595072999999999963e+00
1.588402000000000092e+00
1.599801999999999946e+00
1.598011999999999988e+00
1.600929999999999964e+00
1.608104999999999896e+00
1.601909999999999945e+00
1.606178000000000106e+00
1.602711999999999914e+00
1.602653000000000105e+00
1.605369999999999964e+00
1.615213000000000010e+00
1.613726999999999911e+00
1.616076999999999986e+00
1.616446000000000049e+00
1.618057999999999996e+00
1.623239000000000098e+00
1.630907000000000107e+00
1.625828999999999969e+00
1.618174000000000001e+00
1.615774000000000044e+00
1.612030000000000074e+00
1.609631000000000034e+00
1.610902000000000056e+00
1.617334999999999967e+00
1.620692000000000021e+00
1.616397000000000084e+00
1.617480000000000029e+00
1.615936000000000039e+00
1.613774000000000042e+00
1.612209999999999921e+00
1.618554000000000048e+00
1.615591999999999917e+00
1.618940999999999963e+00
1.625089999999999923e+00
1.627123000000000097e+00
1.627410999999999941e+00
1.625507000000000035e+00
1.620824000000000042e+00
1.616689999999999960e+00
1.612837000000000076e+00
1.611850999999999923e+00
1.612036999999999942e+00
1.613636999999999988e+00
1.619845999999999897e+00
1.620656000000000097e+00
1.625874999999999959e+00
1.626306999999999947e+00
1.623034000000000088e+00
1.623987000000000069e+00
1.629753999999999925e+00
1.635350999999999999e+00
1.626999000000000084e+00
1.625606000000000106e+00
1.628663999999999890e+00
1.628441999999999945e+00
1.629490000000000105e+00
1.633059999999999956e+00
1.633420000000000094e+00
1.628497000000000083e+00
1.635713999999999890e+00
1.632403999999999966e+00
1.632411999999999974e+00
1.625448000000000004e+00
1.627048000000000050e+00
1.631785999999999959e+00
1.626479999999999926e+00
1.621080999999999994e+00
1.624168999999999974e+00
1.629350999999999994e+00
1.626055999999999946e+00
1.622548000000000101e+00
1.626770999999999967e+00
1.622141000000000055e+00
1.615312999999999999e+00
1.613907999999999898e+00
1.617729999999999890e+00
1.629021000000000052e+00
1.632473000000000063e+00
1.628714999999999913e+00
1.629982000000000042e+00
1.627701999999999982e+00
1.626560999999999924e+00
1.622681999999999958e+00
1.623450999999999977e+00
1.629283999999999955e+00
1.629340000000000011e+00
1.627607999999999944e+00
1.625102000000000046e+00
1.623640999999999890e+00
1.628619999999999957e+00
1.624513000000000096e+00
1.627547999999999995e+00
1.623545999999999934e+00
1.623731999999999953e+00
1.624959999999999960e+00
1.630703000000000014e+00
1.619404999999999983e+00
1.617833999999999994e+00
1.616062000000000110e+00
1.619852999999999987e+00
1.619275999999999938e+00
1.609269999999999978e+00
1.609401999999999999e+00
1.618889999999999940e+00
1.627882000000000051e+00
1.631879999999999997e+00
1.629769999999999941e+00
1.623750000000000027e+00
1.626732000000000067e+00
1.638130000000000086e+00
1.636460999999999943e+00
1.630762999999999963e+00
1.635634000000000032e+00
1.638460999999999945e+00
1.639248999999999956e+00
1.641353999999999980e+00
1.633231000000000099e+00
1.632333999999999952e+00
1.630026999999999893e+00
1.634144999999999959e+00
1.641477000000000075e+00
1.637124000000000024e+00
1.633731999999999962e+00
1.638276000000000066e+00
1.625577000000000050e+00
1.617224999999999913e+00
1.612503999999999937e+00
1.607401000000000080e+00
1.611698999999999993e+00
1.611272999999999955e+00
1.625458000000000069e+00
1.631040999999999963e+00
1.630263000000000018e+00
1.628656000000000104e+00
1.627893000000000034e+00
1.636651999999999996e+00
1.641102000000000061e+00
1.643791999999999920e+00
1.646168000000000076e+00
1.647443999999999908e+00
1.647002999999999995e+00
1.647273999999999905e+00
1.649364000000000052e+00
1.653545000000000043e+00
1.653979000000000088e+00
1.657358000000000109e+00
1.652128000000000041e+00
1.643472999999999962e+00
1.637972999999999901e+00
1.639204000000000105e+00
1.631780000000000008e+00
1.632457000000000047e+00
1.631688999999999945e+00
1.635027000000000008e+00
1.638303000000000065e+00
1.641440000000000010e+00
1.642813000000000079e+00
1.636484000000000050e+00
1.623396999999999979e+00
1.626803999999999917e+00
1.624528999999999890e+00
1.620268000000000042e+00
1.615958000000000006e+00
1.613404000000000060e+00
1.609925000000000050e+00
1.612969000000000097e+00
1.612741999999999898e+00
