0.000000000000000000e+00
8.464299999999999602e-02
2.495199999999999849e-02
2.132200000000000067e-02
2.500799999999999898e-02
3.132999999999999674e-02
3.864299999999999680e-02
4.624999999999999944e-02
5.417999999999999899e-02
6.209200000000000136e-02
6.988199999999999967e-02
7.822199999999999986e-02
8.650099999999999456e-02
9.450600000000000667e-02
1.031750000000000028e-01
1.120160000000000045e-01
1.203609999999999958e-01
1.283219999999999916e-01
1.376030000000000031e-01
1.455950000000000022e-01
1.548140000000000072e-01
1.646219999999999906e-01
1.732160000000000089e-01
1.820890000000000009e-01
1.910600000000000076e-01
1.984269999999999923e-01
2.079270000000000007e-01
2.151820000000000122e-01
2.230509999999999993e-01
2.310429999999999984e-01
2.396619999999999862e-01
2.481089999999999962e-01
2.568590000000000040e-01
2.650359999999999938e-01
2.734570000000000056e-01
2.817060000000000120e-01
2.905909999999999882e-01
2.984450000000000158e-01
3.081209999999999782e-01
3.173570000000000002e-01
3.265129999999999977e-01
3.353970000000000007e-01
3.440900000000000070e-01
3.529240000000000155e-01
3.616150000000000198e-01
3.698969999999999758e-01
3.777300000000000102e-01
3.883579999999999810e-01
3.972709999999999853e-01
4.055139999999999856e-01
4.145090000000000163e-01
4.226110000000000144e-01
4.305479999999999863e-01
4.388969999999999816e-01
4.480489999999999751e-01
4.575130000000000030e-01
4.676330000000000209e-01
4.761870000000000269e-01
4.853029999999999844e-01
4.951380000000000225e-01
5.032389999999999919e-01
5.102259999999999573e-01
5.183269999999999822e-01
5.265459999999999585e-01
5.359680000000000000e-01
5.412740000000000329e-01
5.498340000000000449e-01
5.588859999999999939e-01
5.666039999999999965e-01
5.748839999999999506e-01
5.824350000000000360e-01
5.917660000000000142e-01
5.985810000000000297e-01
6.079590000000000272e-01
6.157310000000000283e-01
6.249149999999999983e-01
6.354480000000000128e-01
6.450939999999999452e-01
6.538920000000000288e-01
6.628690000000000415e-01
6.713489999999999736e-01
6.794280000000000319e-01
6.886459999999999804e-01
6.982939999999999703e-01
7.084979999999999611e-01
7.174150000000000249e-01
7.270929999999999893e-01
7.333030000000000381e-01
7.402429999999999843e-01
7.499510000000000343e-01
7.599679999999999769e-01
7.671719999999999651e-01
7.748789999999999845e-01
7.835450000000000470e-01
7.925060000000000437e-01
8.006999999999999673e-01
8.102530000000000010e-01
8.183810000000000251e-01
8.277830000000000465e-01
8.357890000000000041e-01
8.433910000000000018e-01
8.509729999999999794e-01
8.609529999999999683e-01
8.727730000000000210e-01
8.806819999999999649e-01
8.903100000000000458e-01
8.988490000000000091e-01
9.088420000000000387e-01
9.184780000000000166e-01
9.284259999999999735e-01
9.372869999999999813e-01
9.432390000000000496e-01
9.508100000000000440e-01
9.601709999999999967e-01
9.701260000000000439e-01
9.804389999999999494e-01
9.899069999999999814e-01
9.972140000000000448e-01
1.006189999999999918e+00
1.014507999999999965e+00
1.024413000000000018e+00
1.034113999999999978e+00
1.043068000000000106e+00
1.049935000000000063e+00
1.060135000000000050e+00
1.068859999999999921e+00
1.078152999999999917e+00
1.087264999999999926e+00
1.095291999999999932e+00
1.105537999999999910e+00
1.111072000000000060e+00
1.120060000000000056e+00
1.129234999999999989e+00
1.137237000000000053e+00
1.146932999999999980e+00
1.154930000000000012e+00
1.160949999999999926e+00
1.167354999999999920e+00
1.177289000000000030e+00
1.186979999999999924e+00
1.197238000000000024e+00
1.208420999999999967e+00
1.220525000000000082e+00
1.229109000000000007e+00
1.236331000000000069e+00
1.246525000000000105e+00
1.255857999999999919e+00
1.264499999999999957e+00
1.273487999999999953e+00
1.283749999999999947e+00
1.294369000000000103e+00
1.301771000000000011e+00
1.308359000000000050e+00
1.315450999999999926e+00
1.326127000000000056e+00
1.336972000000000049e+00
1.344125999999999932e+00
1.352322000000000024e+00
1.361336000000000102e+00
1.373051000000000021e+00
1.379650000000000043e+00
1.388789000000000051e+00
1.395259999999999945e+00
1.403113999999999972e+00
1.412684999999999969e+00
1.421178000000000052e+00
1.429402000000000061e+00
1.440517999999999965e+00
1.447143000000000068e+00
1.457678999999999947e+00
1.466342000000000034e+00
1.470647999999999955e+00
1.482958999999999916e+00
1.494127999999999901e+00
1.500833000000000084e+00
1.507570999999999994e+00
1.519539999999999891e+00
1.525338000000000083e+00
1.536400999999999906e+00
1.544135999999999953e+00
1.550659999999999927e+00
1.559692999999999996e+00
1.566176999999999930e+00
1.573652000000000051e+00
1.585944999999999938e+00
1.595768999999999993e+00
1.606931000000000109e+00
1.614667000000000074e+00
1.622319000000000067e+00
1.629372000000000043e+00
1.637842999999999938e+00
1.648398000000000030e+00
1.654312999999999922e+00
1.659720000000000084e+00
1.667262999999999940e+00
1.678344999999999976e+00
1.688013999999999903e+00
1.694196999999999953e+00
1.703387999999999902e+00
1.713051000000000101e+00
1.722622000000000098e+00
1.733894000000000046e+00
1.747627000000000042e+00
1.757575000000000109e+00
1.767344000000000026e+00
1.779128000000000043e+00
1.785940000000000083e+00
1.795506000000000046e+00
1.805120999999999976e+00
1.815296999999999938e+00
1.825981999999999994e+00
1.834942999999999991e+00
1.845461000000000018e+00
1.854985000000000106e+00
1.863688999999999929e+00
1.870624000000000065e+00
1.876136999999999944e+00
1.885094000000000047e+00
1.894916000000000045e+00
1.902179999999999982e+00
1.912339999999999929e+00
1.922263999999999973e+00
1.930749000000000049e+00
1.939754999999999896e+00
1.947343999999999964e+00
1.956990999999999925e+00
1.967808999999999919e+00
1.979969000000000090e+00
1.987211999999999978e+00
1.993298999999999932e+00
2.000055999999999834e+00
2.010908000000000140e+00
2.020801000000000069e+00
2.032268000000000185e+00
2.038498999999999839e+00
2.046168999999999905e+00
2.056939999999999991e+00
2.065768999999999966e+00
2.078281000000000045e+00
2.085710999999999871e+00
2.093255999999999784e+00
2.100004999999999900e+00
2.107483000000000217e+00
2.115841000000000083e+00
2.121697000000000166e+00
2.130330999999999975e+00
2.135396000000000072e+00
2.143888000000000016e+00
2.157122999999999902e+00
2.161972000000000005e+00
2.168114999999999792e+00
2.177490000000000148e+00
2.185958999999999985e+00
2.193757000000000179e+00
2.200451999999999853e+00
2.207126000000000143e+00
2.219704000000000121e+00
2.232521000000000200e+00
2.239580999999999822e+00
2.252205000000000013e+00
2.258429000000000020e+00
2.262818000000000218e+00
2.268473999999999879e+00
2.276510000000000034e+00
2.287101999999999968e+00
2.297598999999999947e+00
2.311669000000000196e+00
2.319033000000000122e+00
2.330058999999999880e+00
2.342674999999999841e+00
2.345070999999999906e+00
2.354181000000000079e+00
2.364577999999999847e+00
2.375398999999999816e+00
2.388091999999999882e+00
2.396491000000000149e+00
2.407957999999999821e+00
2.414848999999999801e+00
2.425882000000000094e+00
2.435020999999999880e+00
2.442267000000000188e+00
2.449371999999999883e+00
2.456678000000000139e+00
2.466407999999999934e+00
2.475435000000000052e+00
2.484274000000000093e+00
2.493704999999999838e+00
2.503121000000000151e+00
2.512939999999999952e+00
2.524087999999999887e+00
2.535086000000000173e+00
2.543304000000000009e+00
2.555260999999999783e+00
2.564696000000000087e+00
2.570514999999999883e+00
2.582196999999999854e+00
2.589803999999999995e+00
2.598720000000000141e+00
2.606317000000000217e+00
2.615873000000000115e+00
2.621925000000000061e+00
2.629589999999999872e+00
2.640158000000000005e+00
2.647323000000000093e+00
2.654176999999999786e+00
2.659893999999999981e+00
2.668391000000000179e+00
2.680026999999999937e+00
2.686962999999999990e+00
2.695717000000000141e+00
2.707790999999999837e+00
2.717302000000000106e+00
2.725699000000000094e+00
2.732555000000000067e+00
2.740016999999999925e+00
2.746248000000000022e+00
2.754102000000000050e+00
2.768965000000000121e+00
2.778413000000000022e+00
2.790001000000000175e+00
2.804470999999999936e+00
2.812244000000000188e+00
2.820466999999999835e+00
2.829760999999999971e+00
2.837083999999999939e+00
2.843151000000000206e+00
2.848682000000000158e+00
2.855599999999999916e+00
2.863926999999999889e+00
2.870751999999999970e+00
2.877457000000000154e+00
2.884278999999999815e+00
2.897390000000000132e+00
2.907275999999999971e+00
2.914804000000000173e+00
2.926004999999999967e+00
2.938518000000000185e+00
2.946873000000000076e+00
2.957263999999999893e+00
2.962902000000000147e+00
2.971788999999999792e+00
2.981110999999999844e+00
2.988068000000000168e+00
2.999565000000000037e+00
3.005777000000000143e+00
3.017431000000000196e+00
3.026210999999999984e+00
3.036754999999999871e+00
3.044875000000000220e+00
3.049109000000000069e+00
3.057319000000000120e+00
3.065586999999999840e+00
3.079563999999999968e+00
3.086078000000000099e+00
3.097563000000000066e+00
3.106219999999999981e+00
3.117142999999999997e+00
3.127657000000000131e+00
3.136306999999999956e+00
3.141980999999999913e+00
3.153795000000000126e+00
3.161919000000000146e+00
3.172302999999999873e+00
3.178091000000000221e+00
3.183317000000000174e+00
3.192664000000000168e+00
3.202421999999999880e+00
3.214523999999999937e+00
3.224221000000000004e+00
3.230839000000000016e+00
3.241569000000000145e+00
3.247546999999999962e+00
3.256936000000000053e+00
3.268180999999999781e+00
3.276870000000000172e+00
3.284028999999999865e+00
3.292966999999999977e+00
3.303509000000000029e+00
3.316428000000000154e+00
3.324540999999999968e+00
3.331058000000000074e+00
3.342338999999999949e+00
3.346922999999999870e+00
3.355878999999999834e+00
3.364126000000000172e+00
3.373385999999999996e+00
3.376545999999999825e+00
3.383359000000000005e+00
3.394102999999999870e+00
3.403200000000000003e+00
3.413891000000000009e+00
3.424831000000000181e+00
3.436587999999999976e+00
3.444665999999999784e+00
3.456999000000000155e+00
3.468227999999999867e+00
3.476484999999999825e+00
3.483058000000000209e+00
3.492037999999999975e+00
3.497684000000000015e+00
3.505411000000000055e+00
3.513307999999999875e+00
3.525282999999999944e+00
3.535696000000000172e+00
3.543320000000000025e+00
3.554882000000000097e+00
3.565425999999999984e+00
3.573198000000000096e+00
3.583209000000000088e+00
3.592763000000000151e+00
3.604995000000000172e+00
3.618012999999999924e+00
3.628321000000000129e+00
3.636804999999999843e+00
3.644568000000000030e+00
3.647853000000000012e+00
3.657039000000000151e+00
3.667723000000000066e+00
3.677119999999999944e+00
3.684928000000000203e+00
3.690650999999999904e+00
3.699521999999999977e+00
3.705235000000000056e+00
3.711434000000000122e+00
3.714027999999999885e+00
3.724263999999999797e+00
3.732581000000000149e+00
3.738312000000000079e+00
3.749147999999999925e+00
3.759408000000000083e+00
3.768276999999999877e+00
3.774065999999999921e+00
3.787198000000000064e+00
3.795478999999999825e+00
3.803773000000000071e+00
3.807459999999999845e+00
3.811659000000000130e+00
3.820800000000000196e+00
3.831379000000000090e+00
3.839137000000000022e+00
3.846582000000000168e+00
3.857836999999999961e+00
3.868510999999999811e+00
3.873397999999999897e+00
3.882203000000000070e+00
3.887430000000000163e+00
3.896831000000000156e+00
3.900618999999999836e+00
3.909082000000000168e+00
3.918819000000000052e+00
3.927474000000000132e+00
3.933599000000000068e+00
3.944780999999999871e+00
3.955394000000000077e+00
3.968897000000000119e+00
3.977300000000000058e+00
3.984358999999999984e+00
3.994134999999999991e+00
4.006666000000000061e+00
4.006217999999999613e+00
4.017329000000000150e+00
4.027758999999999645e+00
4.036783999999999928e+00
4.043597000000000108e+00
4.052827999999999875e+00
4.058779000000000359e+00
4.069334999999999702e+00
4.077670999999999601e+00
4.089421999999999890e+00
4.099069000000000074e+00
4.101873000000000324e+00
4.112290999999999919e+00
4.122936000000000156e+00
4.129751999999999867e+00
4.138742999999999839e+00
4.145205999999999946e+00
4.147707999999999728e+00
4.151563000000000336e+00
4.162485000000000213e+00
4.171615000000000073e+00
4.183124000000000287e+00
4.189479000000000397e+00
4.195916999999999675e+00
4.200821999999999612e+00
4.210348999999999897e+00
4.217645000000000088e+00
4.227158000000000193e+00
4.233780999999999572e+00
4.241222999999999743e+00
4.244525000000000325e+00
4.250143999999999700e+00
4.251152000000000264e+00
4.260328000000000337e+00
4.268724999999999881e+00
4.278865999999999836e+00
4.286673999999999651e+00
4.296986000000000416e+00
4.304130999999999929e+00
4.312806000000000139e+00
4.323888000000000176e+00
4.330988999999999756e+00
4.338115000000000165e+00
4.350412000000000390e+00
4.357853999999999672e+00
4.371572999999999709e+00
4.377864999999999895e+00
4.389389000000000429e+00
4.399850999999999956e+00
4.408682999999999907e+00
4.419630999999999865e+00
4.432940999999999576e+00
4.445946000000000176e+00
4.456725999999999743e+00
4.469941999999999638e+00
4.475889999999999702e+00
4.483753000000000100e+00
4.497156000000000375e+00
4.502888999999999697e+00
4.516696999999999740e+00
4.521335999999999800e+00
4.532759999999999678e+00
4.540631000000000306e+00
4.550378000000000256e+00
4.559154000000000373e+00
4.567770000000000330e+00
4.576449000000000211e+00
4.585791000000000395e+00
4.599261000000000266e+00
4.607047999999999810e+00
4.617638000000000353e+00
4.632474000000000203e+00
4.641815000000000246e+00
4.651602999999999710e+00
4.658542999999999878e+00
4.663738999999999635e+00
4.671985000000000277e+00
4.681486999999999732e+00
4.690315000000000012e+00
4.701069000000000386e+00
4.708911999999999765e+00
4.712628999999999735e+00
4.720869999999999678e+00
4.726461999999999719e+00
4.738306999999999825e+00
4.748857000000000106e+00
4.754826999999999693e+00
4.761582999999999899e+00
4.769938999999999929e+00
4.776241999999999877e+00
4.782477000000000089e+00
4.794959999999999667e+00
4.805190999999999768e+00
4.819801000000000002e+00
4.827505000000000379e+00
4.833414000000000321e+00
4.841021999999999714e+00
4.854235000000000078e+00
4.861922999999999995e+00
4.864537000000000333e+00
4.873603000000000129e+00
4.881717000000000084e+00
4.892838000000000243e+00
4.898181000000000118e+00
4.908312999999999704e+00
4.911711999999999634e+00
4.924078999999999873e+00
4.930858999999999881e+00
4.937839000000000311e+00
4.945776000000000394e+00
4.953248000000000317e+00
4.961753999999999998e+00
4.973555000000000170e+00
4.982477000000000267e+00
4.989907999999999788e+00
4.990667000000000186e+00
4.991024000000000349e+00
5.000892999999999589e+00
5.002063999999999844e+00
5.013084000000000096e+00
5.017871000000000414e+00
5.022683999999999926e+00
5.027258999999999922e+00
5.037072000000000216e+00
5.050798000000000343e+00
5.058206000000000202e+00
5.067910000000000359e+00
5.075237999999999694e+00
5.079374999999999751e+00
5.090193000000000190e+00
5.089640000000000164e+00
5.099110999999999727e+00
5.109899999999999665e+00
5.113377999999999979e+00
5.118031000000000219e+00
5.126533000000000229e+00
5.134577000000000169e+00
5.139566000000000301e+00
5.145293999999999812e+00
5.146262000000000114e+00
5.155543999999999905e+00
