0.000000000000000000e+00
7.579999999999999932e-03
1.672200000000000075e-02
2.567300000000000137e-02
3.481200000000000266e-02
4.415600000000000080e-02
5.367299999999999849e-02
6.309199999999999531e-02
7.314600000000000268e-02
8.269100000000000061e-02
9.212499999999999856e-02
1.009540000000000021e-01
1.115970000000000018e-01
1.212440000000000045e-01
1.311110000000000053e-01
1.413040000000000129e-01
1.514759999999999995e-01
1.616750000000000131e-01
1.723639999999999894e-01
1.823720000000000063e-01
1.918320000000000025e-01
2.017849999999999921e-01
2.124840000000000062e-01
2.237169999999999992e-01
2.340089999999999948e-01
2.466980000000000006e-01
2.565870000000000095e-01
2.675400000000000000e-01
2.790039999999999742e-01
2.900579999999999825e-01
3.011199999999999988e-01
3.128360000000000030e-01
3.237459999999999782e-01
3.360659999999999759e-01
3.461090000000000000e-01
3.579709999999999837e-01
3.676260000000000083e-01
3.787380000000000191e-01
3.915799999999999836e-01
4.027930000000000121e-01
4.140280000000000071e-01
4.249220000000000219e-01
4.351369999999999960e-01
4.467409999999999992e-01
4.580250000000000155e-01
4.690280000000000005e-01
4.800409999999999955e-01
4.912360000000000060e-01
5.047770000000000312e-01
5.158880000000000132e-01
5.268739999999999535e-01
5.409800000000000164e-01
5.536090000000000177e-01
5.651979999999999782e-01
5.779739999999999878e-01
5.891399999999999970e-01
6.019029999999999658e-01
6.136089999999999600e-01
6.269219999999999793e-01
6.392679999999999474e-01
6.523060000000000525e-01
6.638789999999999969e-01
6.769870000000000054e-01
6.872439999999999660e-01
7.008739999999999970e-01
7.126660000000000217e-01
7.268409999999999593e-01
7.399019999999999486e-01
7.554480000000000084e-01
7.691820000000000324e-01
7.805170000000000163e-01
7.927359999999999962e-01
8.070049999999999724e-01
8.191030000000000255e-01
8.319649999999999546e-01
8.442039999999999544e-01
8.598529999999999784e-01
8.732699999999999907e-01
8.844549999999999912e-01
8.979359999999999564e-01
9.118920000000000359e-01
9.254769999999999941e-01
9.392709999999999670e-01
9.515679999999999694e-01
9.649170000000000247e-01
9.759250000000000425e-01
9.897359999999999491e-01
1.002415000000000056e+00
1.016464999999999952e+00
1.031973999999999947e+00
1.046548000000000034e+00
1.060500999999999916e+00
1.075482000000000049e+00
1.090778999999999943e+00
1.102935999999999916e+00
1.115401000000000087e+00
1.129585000000000061e+00
1.144409999999999927e+00
1.158857000000000026e+00
1.172515999999999892e+00
1.184622000000000064e+00
1.197332999999999981e+00
1.211615000000000109e+00
1.226731999999999934e+00
1.237880000000000091e+00
1.251066999999999929e+00
1.266346999999999889e+00
1.277811999999999948e+00
1.292880000000000029e+00
1.307709999999999928e+00
1.320702999999999960e+00
1.335976999999999970e+00
1.350355999999999890e+00
1.364827000000000012e+00
1.377594999999999903e+00
1.392670000000000075e+00
1.406166000000000027e+00
1.421572000000000058e+00
1.434954000000000063e+00
1.448463999999999974e+00
1.461713999999999958e+00
1.477157999999999971e+00
1.492958999999999925e+00
1.507611000000000034e+00
1.520504000000000078e+00
1.534596999999999989e+00
1.550078999999999985e+00
1.562500000000000000e+00
1.576980999999999966e+00
1.591930000000000067e+00
1.607247000000000092e+00
1.620976999999999890e+00
1.635879000000000083e+00
1.652444999999999942e+00
1.667529000000000039e+00
1.682724000000000109e+00
1.700539999999999941e+00
1.715314999999999923e+00
1.725773999999999919e+00
1.739214999999999955e+00
1.755004999999999926e+00
1.773063999999999973e+00
1.785649999999999959e+00
1.803420000000000023e+00
1.818136999999999892e+00
1.832929000000000030e+00
1.847231999999999985e+00
1.865353999999999957e+00
1.882236999999999938e+00
1.894746999999999959e+00
1.909715000000000051e+00
1.923005999999999993e+00
1.939278000000000057e+00
1.956436999999999982e+00
1.975111000000000061e+00
1.991605999999999987e+00
2.006082999999999839e+00
2.023277000000000214e+00
2.041205000000000158e+00
2.055794000000000121e+00
2.069954000000000072e+00
2.086225000000000218e+00
2.102173000000000069e+00
2.119037000000000059e+00
2.130933000000000188e+00
2.147699999999999942e+00
2.164683999999999831e+00
2.181362000000000023e+00
2.198507000000000211e+00
2.214932999999999819e+00
2.232755000000000045e+00
2.247625999999999902e+00
2.264730000000000132e+00
2.278153000000000095e+00
2.292809999999999793e+00
2.309848000000000123e+00
2.326144000000000212e+00
2.343580000000000219e+00
2.361257999999999857e+00
2.375230999999999870e+00
2.391563999999999801e+00
2.409704000000000068e+00
2.429767000000000010e+00
2.445561000000000096e+00
2.462498000000000076e+00
2.480249000000000148e+00
2.496814999999999785e+00
2.511924000000000046e+00
2.529167000000000165e+00
2.543569000000000191e+00
2.556735000000000202e+00
2.570314999999999905e+00
2.589177999999999980e+00
2.608064999999999856e+00
2.625255000000000116e+00
2.642879999999999896e+00
2.655374999999999819e+00
2.671825999999999812e+00
2.689512999999999820e+00
2.706752999999999965e+00
2.722500999999999838e+00
2.739866000000000135e+00
2.757830999999999921e+00
2.780549000000000159e+00
2.799001000000000072e+00
2.815490000000000048e+00
2.830875999999999948e+00
2.849213000000000218e+00
2.869291000000000036e+00
2.886252999999999957e+00
2.903554000000000190e+00
2.919103999999999921e+00
2.933729000000000031e+00
2.953885000000000094e+00
2.969181999999999988e+00
2.983302000000000120e+00
3.002254000000000200e+00
3.017675999999999803e+00
3.039406000000000052e+00
3.057066999999999979e+00
3.076115999999999850e+00
3.096382000000000190e+00
3.112937000000000065e+00
3.130004000000000008e+00
3.148118000000000194e+00
3.165153999999999801e+00
3.187286999999999981e+00
3.206071999999999811e+00
3.226547000000000054e+00
3.241903999999999897e+00
3.258080999999999783e+00
3.274522000000000155e+00
3.289629000000000136e+00
3.306881000000000181e+00
3.321518999999999888e+00
3.339774999999999938e+00
3.356806000000000179e+00
3.373543999999999876e+00
3.391827999999999843e+00
3.411529999999999951e+00
3.431715000000000071e+00
3.451052999999999926e+00
3.470597000000000154e+00
3.484942999999999902e+00
3.506235000000000213e+00
3.522466999999999793e+00
3.540826000000000029e+00
3.557415000000000216e+00
3.574421000000000070e+00
3.592013999999999818e+00
3.607629999999999892e+00
3.629649999999999821e+00
3.650431999999999899e+00
3.672235000000000138e+00
3.689993999999999996e+00
3.707810999999999968e+00
3.728364000000000011e+00
3.749013000000000151e+00
3.766259999999999941e+00
3.779037000000000202e+00
3.794573999999999891e+00
3.812641000000000169e+00
3.827911999999999981e+00
3.847367000000000203e+00
3.864065999999999779e+00
3.878229000000000148e+00
3.896984999999999921e+00
3.912514999999999965e+00
3.927964999999999929e+00
3.942883999999999833e+00
3.958120999999999778e+00
3.973270999999999997e+00
3.998521999999999910e+00
4.018316000000000443e+00
4.033980999999999817e+00
4.055551999999999602e+00
4.069780999999999871e+00
4.087920999999999694e+00
4.101618000000000208e+00
4.115897000000000361e+00
4.134795000000000442e+00
4.158267000000000380e+00
4.173605000000000231e+00
4.193158999999999637e+00
4.207953999999999972e+00
4.224279000000000117e+00
4.241939999999999600e+00
4.257293999999999912e+00
4.278132000000000268e+00
4.290934000000000026e+00
4.304559000000000246e+00
4.319012999999999991e+00
4.331299999999999706e+00
4.348993000000000109e+00
4.366634999999999600e+00
4.383361999999999981e+00
4.403834999999999944e+00
4.420200999999999603e+00
4.443939999999999557e+00
4.457571999999999868e+00
4.472044999999999604e+00
4.487687000000000204e+00
4.506663999999999781e+00
4.528791000000000011e+00
4.550226999999999578e+00
4.568054000000000059e+00
4.582785000000000331e+00
4.601944999999999730e+00
4.625263000000000346e+00
4.646870999999999974e+00
4.659126999999999796e+00
4.678198000000000079e+00
4.694481999999999822e+00
4.711069000000000173e+00
4.726369000000000042e+00
4.740514000000000117e+00
4.759707999999999828e+00
4.778317000000000370e+00
4.794812000000000296e+00
4.813843999999999568e+00
4.833057000000000158e+00
4.853989999999999583e+00
4.871972000000000413e+00
4.889602000000000004e+00
4.914215999999999696e+00
4.933691999999999744e+00
4.949479000000000184e+00
4.967658000000000129e+00
4.983347000000000193e+00
5.000891000000000197e+00
5.020146000000000441e+00
5.042253999999999792e+00
5.063780999999999644e+00
5.082593000000000139e+00
5.101440000000000197e+00
5.119239999999999569e+00
5.136414000000000257e+00
5.155982999999999983e+00
5.173467999999999734e+00
5.190612999999999921e+00
5.209658000000000122e+00
5.231192000000000064e+00
5.253377000000000407e+00
5.276500000000000412e+00
5.301148000000000415e+00
5.316682000000000130e+00
5.336285000000000167e+00
5.356516000000000055e+00
5.377574000000000076e+00
5.389888000000000012e+00
5.412964999999999804e+00
5.427480000000000082e+00
5.449258000000000379e+00
5.465030999999999750e+00
5.484644000000000297e+00
5.503178000000000125e+00
5.524015000000000342e+00
5.542762999999999884e+00
5.566237000000000101e+00
5.587606000000000073e+00
5.603305999999999898e+00
5.622283999999999615e+00
5.634856000000000087e+00
5.651970999999999634e+00
5.669023000000000145e+00
5.686226999999999698e+00
5.700187999999999811e+00
5.718541000000000096e+00
5.737121000000000137e+00
5.762379000000000140e+00
5.780763999999999569e+00
5.800532999999999717e+00
5.820553000000000310e+00
5.843863999999999947e+00
5.865807000000000215e+00
5.884775000000000311e+00
5.906499000000000166e+00
5.923332000000000264e+00
5.940114000000000338e+00
5.960778999999999606e+00
5.982261000000000273e+00
6.000319000000000180e+00
6.021927999999999948e+00
6.044031000000000375e+00
6.064470000000000027e+00
6.086090000000000444e+00
6.106543000000000276e+00
6.123041999999999874e+00
6.145678000000000196e+00
6.164734000000000158e+00
6.183647999999999811e+00
6.204252000000000322e+00
6.225164000000000364e+00
6.241554999999999964e+00
6.251740999999999993e+00
6.268654999999999866e+00
6.289225000000000065e+00
6.313697999999999588e+00
6.336655000000000371e+00
6.353899000000000186e+00
6.371540000000000425e+00
6.388891000000000098e+00
6.407937000000000438e+00
6.425950000000000273e+00
6.445431000000000132e+00
6.466807000000000194e+00
6.483056999999999626e+00
6.500326000000000271e+00
6.527184000000000097e+00
6.543866999999999656e+00
6.564325000000000188e+00
6.579151999999999667e+00
6.597826999999999664e+00
6.618263999999999925e+00
6.637038999999999689e+00
6.654958999999999847e+00
6.678124000000000393e+00
6.696771000000000029e+00
6.712875000000000369e+00
6.729378999999999778e+00
6.750366999999999784e+00
6.771385999999999683e+00
6.784468000000000387e+00
6.806943999999999662e+00
6.825890000000000235e+00
6.845568000000000097e+00
6.860998000000000374e+00
6.879340000000000011e+00
6.895668999999999826e+00
6.913923999999999737e+00
6.936653999999999876e+00
6.950229000000000212e+00
6.970229999999999926e+00
6.991702000000000083e+00
7.012252000000000152e+00
7.031215000000000437e+00
7.055697000000000330e+00
7.073453999999999908e+00
7.090090000000000003e+00
7.104538999999999938e+00
7.126731999999999623e+00
7.147686000000000206e+00
7.165658999999999779e+00
7.184981999999999758e+00
7.206495000000000317e+00
7.223519999999999719e+00
7.241291999999999618e+00
7.261754999999999960e+00
7.282994000000000412e+00
7.298834000000000266e+00
7.314937999999999718e+00
7.335310999999999915e+00
7.357045000000000279e+00
7.372251999999999583e+00
7.391656000000000226e+00
7.408419000000000310e+00
7.423665999999999876e+00
7.445871000000000350e+00
7.468543000000000376e+00
7.488919000000000104e+00
7.507742000000000360e+00
7.528389999999999915e+00
7.545060000000000322e+00
7.566666999999999810e+00
7.586702999999999975e+00
7.604242000000000168e+00
7.629725999999999786e+00
7.646493000000000428e+00
7.664162000000000141e+00
7.685181000000000040e+00
7.708943999999999797e+00
7.730806000000000289e+00
7.749727000000000032e+00
7.763538999999999746e+00
7.779958999999999847e+00
7.800653999999999755e+00
7.820744000000000362e+00
7.840270000000000294e+00
7.859263000000000332e+00
7.882751999999999981e+00
7.906950000000000145e+00
7.920600000000000307e+00
7.936033000000000115e+00
7.952763000000000027e+00
7.970036999999999594e+00
7.990654000000000146e+00
8.010953000000000657e+00
8.032811000000000590e+00
8.055827999999999989e+00
8.077158000000000726e+00
8.091856999999999189e+00
8.106172000000000821e+00
8.131992000000000331e+00
8.153254000000000445e+00
8.170474999999999710e+00
8.193790999999999158e+00
8.209481000000000250e+00
8.231666000000000594e+00
8.250849000000000544e+00
8.270844999999999558e+00
8.291297000000000139e+00
8.315751999999999811e+00
8.333978000000000108e+00
8.353070000000000661e+00
8.373526000000000025e+00
8.393720999999999322e+00
8.409630999999999190e+00
8.430476999999999776e+00
8.451330000000000453e+00
8.476990999999999943e+00
8.498542000000000485e+00
8.517822999999999922e+00
8.537402000000000157e+00
8.558001000000000857e+00
8.580125999999999920e+00
8.603123000000000076e+00
8.621465000000000600e+00
8.645108999999999710e+00
8.665165000000000006e+00
8.682185999999999737e+00
8.699744000000000810e+00
8.724218999999999724e+00
8.745654000000000039e+00
8.761525000000000674e+00
8.780832000000000193e+00
8.797005999999999659e+00
8.817368000000000094e+00
8.839256000000000668e+00
8.855672999999999462e+00
8.877947000000000699e+00
8.899148999999999532e+00
8.915957999999999828e+00
8.936667999999999168e+00
8.952140999999999238e+00
8.968754000000000559e+00
8.984657999999999589e+00
9.004958000000000240e+00
9.022304000000000102e+00
9.045965999999999951e+00
9.058759000000000228e+00
9.078637000000000512e+00
9.090414000000000883e+00
9.107658999999999949e+00
9.128733000000000430e+00
9.141443999999999903e+00
9.159314000000000178e+00
9.174898999999999916e+00
9.193955000000000766e+00
9.218882999999999939e+00
9.243128999999999706e+00
9.264483000000000246e+00
9.291045000000000442e+00
9.307973000000000496e+00
9.325210000000000221e+00
9.346576000000000661e+00
9.370210000000000150e+00
9.385353000000000279e+00
9.403195000000000192e+00
9.416909999999999670e+00
9.432719999999999771e+00
9.450245000000000672e+00
9.467235000000000511e+00
9.483610000000000539e+00
9.499046999999999130e+00
9.518660000000000565e+00
9.535330999999999335e+00
9.546412999999999371e+00
9.561068000000000566e+00
9.579534000000000660e+00
9.593966999999999246e+00
9.610416000000000736e+00
9.631430999999999187e+00
9.642880999999999148e+00
9.662691999999999837e+00
9.681511000000000422e+00
9.707373000000000474e+00
9.721617000000000175e+00
9.737735999999999947e+00
9.750451999999999231e+00
9.766220000000000567e+00
9.782322999999999880e+00
9.803755000000000663e+00
9.820007000000000374e+00
9.835774000000000683e+00
9.852114000000000260e+00
9.867523999999999518e+00
9.896361000000000629e+00
9.912672000000000594e+00
9.925933000000000561e+00
9.950649000000000299e+00
9.967641000000000417e+00
9.977164999999999395e+00
9.991580000000000794e+00
1.000978500000000082e+01
1.001973300000000044e+01
1.002578199999999953e+01
1.004754900000000006e+01
1.006740399999999980e+01
1.008447800000000072e+01
1.011354500000000023e+01
