0.000000000000000000e+00
1.658400000000000152e-02
1.503900000000000028e-02
2.148500000000000063e-02
2.932099999999999984e-02
3.812700000000000117e-02
4.690300000000000025e-02
5.599799999999999917e-02
6.523299999999999932e-02
7.504099999999999659e-02
8.371599999999999875e-02
9.327199999999999380e-02
1.026849999999999985e-01
1.126010000000000066e-01
1.228849999999999942e-01
1.330929999999999891e-01
1.427670000000000050e-01
1.534359999999999891e-01
1.624659999999999993e-01
1.718560000000000088e-01
1.813879999999999937e-01
1.908849999999999991e-01
2.009710000000000107e-01
2.110450000000000104e-01
2.212079999999999880e-01
2.304829999999999934e-01
2.416540000000000077e-01
2.515439999999999898e-01
2.609909999999999730e-01
2.707370000000000054e-01
2.796560000000000157e-01
2.899800000000000155e-01
2.998439999999999994e-01
3.094109999999999916e-01
3.199150000000000049e-01
3.296279999999999766e-01
3.397270000000000012e-01
3.493430000000000146e-01
3.597250000000000170e-01
3.691240000000000077e-01
3.795419999999999905e-01
3.890620000000000189e-01
3.980839999999999934e-01
4.069329999999999892e-01
4.172989999999999755e-01
4.266280000000000072e-01
4.360879999999999757e-01
4.467220000000000080e-01
4.572550000000000225e-01
4.674269999999999814e-01
4.775320000000000120e-01
4.869990000000000152e-01
4.960470000000000157e-01
5.054629999999999956e-01
5.142510000000000137e-01
5.255520000000000191e-01
5.362679999999999669e-01
5.461540000000000283e-01
5.549020000000000064e-01
5.655850000000000044e-01
5.766059999999999519e-01
5.854279999999999484e-01
5.943610000000000282e-01
6.061419999999999586e-01
6.166749999999999732e-01
6.265650000000000386e-01
6.370019999999999571e-01
6.472189999999999888e-01
6.573499999999999899e-01
6.662270000000000136e-01
6.762550000000000505e-01
6.850629999999999775e-01
6.948910000000000364e-01
7.052519999999999900e-01
7.164690000000000225e-01
7.255049999999999555e-01
7.348489999999999744e-01
7.453870000000000218e-01
7.532550000000000079e-01
7.630050000000000443e-01
7.742219999999999658e-01
7.831909999999999705e-01
7.935269999999999824e-01
8.048009999999999886e-01
8.124630000000000463e-01
8.224650000000000016e-01
8.320469999999999811e-01
8.430929999999999813e-01
8.547780000000000378e-01
8.659569999999999768e-01
8.778420000000000112e-01
8.881210000000000493e-01
8.990810000000000191e-01
9.077549999999999786e-01
9.167180000000000328e-01
9.257269999999999666e-01
9.337269999999999737e-01
9.422249999999999792e-01
9.518339999999999579e-01
9.597350000000000048e-01
9.691279999999999895e-01
9.788630000000000386e-01
9.891379999999999617e-01
1.001368000000000036e+00
1.011789000000000049e+00
1.021279000000000048e+00
1.031716000000000077e+00
1.039341000000000070e+00
1.050205999999999973e+00
1.060961000000000043e+00
1.071758999999999906e+00
1.081059999999999910e+00
1.091361999999999943e+00
1.101013000000000019e+00
1.110557000000000016e+00
1.119728000000000057e+00
1.129015000000000102e+00
1.136841999999999908e+00
1.147343999999999919e+00
1.156530000000000058e+00
1.166425000000000045e+00
1.175208999999999948e+00
1.186290999999999984e+00
1.196263000000000076e+00
1.207505000000000051e+00
1.218094999999999928e+00
1.226877999999999913e+00
1.236852000000000062e+00
1.248396000000000061e+00
1.258659999999999890e+00
1.267922999999999911e+00
1.280594000000000010e+00
1.287169999999999925e+00
1.295690000000000008e+00
1.305303000000000102e+00
1.314168999999999921e+00
1.323738000000000081e+00
1.334751000000000021e+00
1.344923000000000091e+00
1.356049999999999978e+00
1.366732999999999976e+00
1.374799000000000104e+00
1.383987000000000078e+00
1.392358999999999902e+00
1.402465000000000073e+00
1.413559000000000010e+00
1.422214000000000089e+00
1.434469999999999912e+00
1.442485999999999935e+00
1.453106000000000009e+00
1.462904999999999900e+00
1.471081000000000083e+00
1.478919000000000095e+00
1.490625000000000089e+00
1.502887000000000084e+00
1.513498000000000010e+00
1.525327000000000099e+00
1.535365000000000091e+00
1.544111000000000011e+00
1.555001000000000078e+00
1.563134000000000023e+00
1.574156000000000111e+00
1.581703999999999999e+00
1.591504999999999947e+00
1.601888999999999896e+00
1.611714000000000091e+00
1.620233999999999952e+00
1.628853000000000106e+00
1.635496000000000061e+00
1.648179999999999978e+00
1.656741000000000019e+00
1.665885000000000060e+00
1.677232000000000056e+00
1.686805000000000110e+00
1.700949000000000044e+00
1.712469000000000019e+00
1.718498999999999999e+00
1.730831999999999926e+00
1.738699999999999912e+00
1.745768999999999904e+00
1.754939999999999944e+00
1.762294000000000027e+00
1.773492999999999986e+00
1.785954999999999959e+00
1.796513000000000027e+00
1.808246999999999938e+00
1.818235000000000046e+00
1.829237999999999920e+00
1.836635000000000018e+00
1.845949999999999980e+00
1.856487999999999916e+00
1.870930999999999900e+00
1.879639999999999977e+00
1.890498000000000012e+00
1.902096999999999927e+00
1.914944999999999897e+00
1.922150000000000025e+00
1.930914999999999937e+00
1.941588000000000092e+00
1.953807999999999989e+00
1.965289000000000064e+00
1.977754000000000012e+00
1.987001000000000017e+00
1.994980999999999893e+00
2.004176999999999875e+00
2.015756999999999799e+00
2.024636999999999798e+00
2.034426999999999985e+00
2.043035000000000156e+00
2.051340999999999859e+00
2.058391999999999999e+00
2.066138000000000030e+00
2.075152000000000108e+00
2.085766000000000009e+00
2.095721999999999863e+00
2.104875999999999969e+00
2.117550000000000043e+00
2.127946000000000115e+00
2.134326999999999863e+00
2.143628999999999785e+00
2.155453000000000063e+00
2.165000000000000036e+00
2.171889999999999876e+00
2.177686000000000011e+00
2.185293999999999848e+00
2.195336999999999872e+00
2.203425999999999885e+00
2.212584999999999802e+00
2.222265999999999853e+00
2.231174999999999908e+00
2.235332000000000097e+00
2.242598999999999787e+00
2.252367000000000008e+00
2.266868999999999801e+00
2.277334000000000191e+00
2.284422000000000175e+00
2.297830999999999957e+00
2.307129000000000207e+00
2.318178000000000072e+00
2.329193000000000069e+00
2.340179000000000009e+00
2.352504999999999846e+00
2.364866999999999830e+00
2.374880999999999798e+00
2.385895000000000099e+00
2.395105000000000040e+00
2.404221000000000164e+00
2.414245000000000196e+00
2.423208999999999946e+00
2.430384999999999796e+00
2.439665000000000195e+00
2.450666000000000011e+00
2.455817000000000139e+00
2.464306999999999803e+00
2.470632999999999857e+00
2.479852000000000167e+00
2.488687999999999789e+00
2.496862000000000137e+00
2.506971000000000060e+00
2.519230999999999998e+00
2.525634000000000157e+00
2.537717999999999918e+00
2.547413999999999845e+00
2.560137000000000107e+00
2.570866000000000096e+00
2.581411000000000122e+00
2.595037000000000038e+00
2.604801000000000144e+00
2.615247000000000099e+00
2.622691000000000106e+00
2.626920999999999840e+00
2.634724999999999984e+00
2.642771999999999899e+00
2.650151999999999841e+00
2.660724999999999785e+00
2.666501999999999928e+00
2.674730999999999970e+00
2.686176000000000119e+00
2.694005999999999901e+00
2.700575999999999866e+00
2.708654000000000117e+00
2.718415999999999944e+00
2.728121999999999936e+00
2.738776000000000099e+00
2.749957999999999902e+00
2.761515000000000164e+00
2.775971000000000188e+00
2.784675000000000011e+00
2.790772000000000030e+00
2.803125000000000089e+00
2.812835000000000196e+00
2.825072000000000028e+00
2.837142000000000053e+00
2.849095999999999851e+00
2.859017999999999837e+00
2.870334000000000163e+00
2.878341999999999956e+00
2.886159000000000141e+00
2.896907000000000121e+00
2.903376999999999875e+00
2.914747000000000199e+00
2.924796000000000173e+00
2.935337000000000085e+00
2.941726000000000063e+00
2.953444000000000180e+00
2.966228000000000087e+00
2.974549000000000110e+00
2.986098999999999837e+00
2.995128999999999930e+00
3.005148999999999848e+00
3.015334999999999877e+00
3.026431000000000093e+00
3.036693000000000087e+00
3.042958000000000052e+00
3.053551999999999822e+00
3.065802999999999834e+00
3.073927999999999994e+00
3.083975000000000133e+00
3.093986999999999821e+00
3.103437000000000001e+00
3.112753999999999799e+00
3.121401999999999788e+00
3.128626000000000129e+00
3.142100000000000115e+00
3.153499000000000052e+00
3.162862000000000062e+00
3.173894000000000215e+00
3.185858000000000079e+00
3.197410000000000085e+00
3.206183999999999923e+00
3.218271000000000104e+00
3.229299000000000142e+00
3.240047999999999817e+00
3.253106999999999971e+00
3.260749999999999815e+00
3.271936000000000178e+00
3.282767000000000213e+00
3.288915999999999951e+00
3.302134999999999820e+00
3.314068999999999932e+00
3.326649000000000189e+00
3.339068999999999843e+00
3.348838000000000203e+00
3.359218999999999955e+00
3.368926000000000087e+00
3.383554999999999868e+00
3.392920000000000158e+00
3.404697999999999780e+00
3.413145999999999791e+00
3.424555999999999933e+00
3.433289999999999953e+00
3.441793000000000102e+00
3.450251000000000179e+00
3.456373000000000140e+00
3.467878999999999934e+00
3.486581000000000152e+00
3.497952000000000172e+00
3.508951999999999849e+00
3.517224000000000128e+00
3.529917999999999889e+00
3.542229999999999990e+00
3.555133999999999794e+00
3.568186999999999998e+00
3.577656000000000169e+00
3.590523999999999827e+00
3.600693000000000144e+00
3.608563999999999883e+00
3.619400000000000173e+00
3.628868999999999900e+00
3.641996999999999929e+00
3.649220000000000130e+00
3.661243999999999943e+00
3.670173999999999825e+00
3.680359999999999854e+00
3.691589000000000009e+00
3.702242000000000033e+00
3.711338000000000026e+00
3.717156999999999822e+00
3.726153000000000048e+00
3.737133000000000038e+00
3.750059999999999949e+00
3.755243000000000109e+00
3.762726999999999933e+00
3.778182999999999847e+00
3.789029000000000202e+00
3.799236000000000057e+00
3.809457000000000093e+00
3.820491000000000081e+00
3.834241000000000010e+00
3.847646999999999817e+00
3.854842000000000102e+00
3.863573999999999842e+00
3.871957000000000093e+00
3.878569999999999851e+00
3.885721999999999898e+00
3.895199999999999996e+00
3.903376000000000179e+00
3.911948000000000203e+00
3.922613000000000127e+00
3.930543000000000120e+00
3.936525000000000052e+00
3.950518000000000196e+00
3.965183999999999820e+00
3.979283000000000126e+00
3.987706999999999891e+00
3.996450999999999976e+00
4.002604999999999968e+00
4.012876000000000332e+00
4.022086999999999968e+00
4.026885000000000048e+00
4.040043999999999969e+00
4.049057999999999602e+00
4.057548999999999850e+00
4.064522000000000190e+00
4.069304999999999950e+00
4.080224000000000295e+00
4.093225000000000335e+00
4.100920000000000343e+00
4.110659000000000063e+00
4.123241000000000156e+00
4.132558000000000398e+00
4.142525000000000013e+00
4.150424000000000113e+00
4.161153999999999797e+00
4.168629000000000140e+00
4.180413999999999852e+00
4.190300999999999831e+00
4.205676000000000414e+00
4.212126999999999732e+00
4.216486999999999874e+00
4.222902000000000378e+00
4.232408999999999644e+00
4.244081999999999688e+00
4.246596000000000259e+00
4.254481000000000179e+00
4.268169000000000324e+00
4.278154999999999930e+00
4.284563000000000343e+00
4.298823999999999756e+00
4.304869000000000057e+00
4.315082999999999558e+00
4.318578999999999724e+00
4.324900000000000411e+00
4.330928000000000111e+00
4.339216999999999658e+00
4.349630999999999581e+00
4.362340999999999802e+00
4.368685000000000151e+00
4.375121000000000038e+00
4.388762999999999970e+00
4.394368000000000052e+00
4.403838000000000363e+00
4.408617999999999704e+00
4.416941999999999702e+00
4.422849000000000252e+00
4.435836000000000112e+00
4.440408999999999828e+00
4.452975999999999601e+00
4.466034999999999755e+00
4.471702999999999761e+00
4.475465999999999944e+00
4.485146000000000299e+00
4.495366999999999891e+00
4.504442000000000057e+00
4.510741999999999585e+00
4.521232000000000362e+00
4.528922999999999810e+00
4.539342999999999684e+00
4.549873999999999974e+00
4.560178999999999760e+00
4.571727000000000096e+00
4.579780999999999658e+00
4.587133999999999823e+00
4.597304000000000279e+00
4.602081000000000088e+00
4.608341000000000243e+00
4.613635000000000375e+00
4.621927000000000341e+00
4.630843999999999738e+00
4.641689999999999650e+00
4.651487000000000371e+00
4.662306000000000061e+00
4.668162999999999840e+00
4.678238999999999592e+00
4.684306000000000303e+00
4.693678000000000239e+00
4.704062999999999661e+00
4.713227999999999973e+00
4.722822999999999993e+00
4.730815999999999910e+00
4.738539000000000279e+00
4.743983000000000061e+00
4.748509999999999565e+00
4.761719000000000257e+00
4.770348000000000255e+00
4.777247000000000021e+00
4.779926999999999815e+00
4.791157000000000110e+00
4.795423999999999687e+00
4.810402999999999984e+00
4.821479000000000070e+00
4.827722999999999764e+00
4.840381999999999962e+00
4.852259000000000100e+00
4.855684000000000111e+00
4.863566999999999751e+00
4.872264999999999624e+00
4.880474999999999675e+00
4.886459000000000330e+00
4.892382999999999704e+00
4.895870000000000388e+00
4.906006999999999785e+00
4.914536000000000016e+00
4.923297999999999952e+00
4.930934999999999846e+00
4.940228000000000286e+00
4.953541999999999668e+00
4.959495000000000431e+00
4.967901000000000344e+00
4.972566999999999737e+00
4.983861000000000097e+00
4.992708999999999619e+00
4.998778999999999861e+00
5.005723999999999840e+00
5.012185999999999808e+00
5.016625000000000334e+00
5.019459000000000337e+00
5.028286999999999729e+00
5.035567999999999600e+00
5.045709000000000444e+00
5.049650999999999890e+00
5.053919999999999746e+00
5.060101999999999656e+00
5.067703999999999986e+00
5.078818000000000055e+00
5.089603999999999573e+00
5.098188000000000386e+00
5.098734999999999573e+00
5.108564999999999579e+00
5.119330999999999854e+00
5.126551000000000080e+00
5.135087999999999653e+00
5.141375000000000028e+00
5.151186000000000043e+00
5.155794000000000210e+00
5.167802000000000007e+00
5.177833999999999826e+00
5.183671000000000362e+00
5.188379000000000296e+00
5.190542999999999907e+00
5.197464000000000084e+00
5.200290999999999997e+00
5.205415999999999599e+00
5.214745999999999881e+00
5.220279999999999809e+00
5.226823999999999693e+00
5.235928000000000360e+00
5.245541000000000231e+00
5.251043000000000127e+00
5.261498999999999704e+00
5.272170000000000023e+00
5.279831999999999859e+00
5.290834000000000259e+00
5.291328000000000031e+00
5.298822999999999617e+00
5.305315000000000225e+00
5.309819000000000067e+00
5.312950999999999979e+00
5.323744999999999727e+00
5.326825000000000365e+00
5.327905999999999587e+00
5.335200999999999638e+00
5.343437999999999910e+00
5.348421000000000092e+00
5.354852000000000167e+00
5.364876999999999896e+00
5.371058999999999806e+00
5.381839000000000262e+00
5.387859999999999872e+00
5.389510999999999719e+00
5.397190000000000154e+00
5.412281000000000120e+00
5.416939000000000171e+00
5.421780000000000044e+00
5.431071000000000204e+00
5.439917999999999587e+00
5.448133999999999588e+00
5.450776000000000288e+00
5.453052999999999706e+00
5.457789000000000001e+00
5.466412000000000049e+00
5.471322999999999936e+00
5.481823000000000334e+00
5.490281999999999663e+00
5.495281000000000304e+00
5.501488000000000156e+00
5.503046999999999578e+00
5.504266999999999577e+00
5.512819000000000358e+00
5.514603000000000144e+00
